  1   1                2 3.500e-05
  2   2                3 2.000e-06
  3   3                5 2.000e-06
  4   3                5 2.000e-06
  5   4                7 2.000e-06
  6   4                8 2.000e-06
  7   5               10 1.000e-06
  8   5               12 1.000e-06
  9   5               10 1.000e-06
 10   6               13 2.000e-06
 11   6               15 5.000e-06
 12   6               13 3.000e-06
 13   7               17 3.000e-06
 14   7               20 2.000e-06
 15   7               20 1.000e-06
 16   7               16 1.000e-06
 17   8               20 1.000e-06
 18   8               23 1.000e-06
 19   8               24 1.000e-06
 20   8               21 2.000e-06
 21   9               25 6.000e-06
 22   9               29 3.000e-06
 23   9               31 2.000e-06
 24   9               28 9.000e-06
 25   9               20 2.000e-06
 26  10               23 2.000e-06
 27  10               25 2.000e-06
 28  10               24 2.000e-06
 29  10               21 2.000e-06
 30  11               23 2.000e-06
 31  11               25 2.000e-06
 32  11               23 3.000e-06
 33  12               25 2.000e-06
 34  12               27 2.000e-06
 35  12               25 2.000e-06
 36  13               27 2.000e-06
 37  13               29 2.000e-06
 38  13               27 2.000e-06
 39  14               29 2.000e-06
 40  14               31 2.000e-06
 41  14               29 2.000e-06
 42  15               32 8.000e-06
 43  15               34 5.000e-06
 44  15               32 3.000e-06
 45  16               36 2.000e-06
 46  16               38 3.000e-06
 47  16               37 2.000e-06
 48  16               33 1.000e-06
 49  17               35 2.000e-06
 50  17               37 2.000e-06
 55  19               38 6.000e-06
 60  21               42 3.000e-06
 65  24               49 2.000e-06
 70  25               52 1.800e-05
 75  27               59 4.000e-06
 80  28               69 2.000e-06
 85  29               73 3.000e-06
 90  30               67 2.000e-06
 95  32               69 3.000e-06
100  35               75 2.000e-06
110  39               86 3.000e-06
120  42               97 2.000e-06
130  44              107 2.000e-06
140  46              111 2.000e-06
150  48              113 1.000e-05
160  52              111 5.000e-06
170  57              122 3.000e-06
180  60              130 3.000e-06
190  63              144 4.000e-06
200  64              144 3.000e-06
220  71              150 2.500e-05
240  79              174 1.000e-05
260  83              181 8.000e-06
280  90              190 8.000e-06
300  98              211 1.400e-05
320 102              220 9.000e-06
340 112              242 6.000e-06
360 116              251 5.000e-06
380 121              266 5.000e-06
400 130              286 5.000e-06
420 135              311 1.300e-05
440 140              310 8.000e-06
460 148              322 6.000e-06
480 153              346 7.000e-06
500 159              344 6.000e-06
520 167              367 6.000e-06
540 171              398 7.000e-06
560 178              386 6.000e-06
580 184              404 7.000e-06
600 188              413 8.000e-06
620 195              421 9.000e-06
640 203              442 8.000e-06
660 207              448 7.000e-06
680 214              461 8.000e-06
700 222              484 9.000e-06
720 227              492 8.000e-06
740 236              511 8.000e-06
760 241              534 8.000e-06
780 245              538 1.000e-05
800 255              554 1.200e-05
820 260              579 1.200e-05
840 264              571 1.000e-05
860 274              593 1.100e-05
880 278              610 1.100e-05
900 283              615 1.100e-05
920 290              626 1.100e-05
940 295              654 1.100e-05
960 303              653 1.100e-05
980 309              677 1.200e-05
1000 313              688 1.100e-05
1020 320              694 1.100e-05
1040 328              718 1.100e-05
1060 332              722 1.100e-05
1080 340              738 1.200e-05
1100 346              755 1.200e-05
1120 350              765 1.300e-05
1140 359              780 1.200e-05
1160 365              802 1.400e-05
1180 369              801 1.400e-05
1200 378              820 1.200e-05
1220 383              843 1.200e-05
1240 388              842 1.300e-05
1260 397              864 1.500e-05
1280 402              884 1.500e-05
1300 407              884 1.400e-05
1320 415              900 1.500e-05
1340 420              914 1.400e-05
1360 429              928 1.400e-05
1380 435              954 1.500e-05
1400 439              966 1.500e-05
1420 445              963 1.500e-05
1440 453              987 1.500e-05
1460 457              998 1.600e-05
1480 465             1005 1.600e-05
1500 472             1028 1.500e-05
1520 476             1030 1.600e-05
1540 484             1043 1.500e-05
1560 491             1066 1.500e-05
1580 497             1076 1.600e-05
1600 505             1099 1.700e-05
1620 510             1106 1.800e-05
1640 514             1116 1.700e-05
1660 524             1139 1.900e-05
1680 529             1162 1.700e-05
1700 535             1161 1.700e-05
1720 542             1177 1.800e-05
1740 547             1202 1.900e-05
1760 554             1205 1.900e-05
1780 561             1223 1.800e-05
1800 565             1246 2.100e-05
1820 573             1245 2.100e-05
1840 579             1263 1.900e-05
1860 583             1275 1.900e-05
1880 591             1282 1.900e-05
1900 597             1300 1.900e-05
1920 602             1306 2.000e-05
1940 609             1320 2.000e-05
1960 617             1344 2.000e-05
1980 622             1350 2.200e-05
2000 631             1370 2.000e-05
2020 636             1390 2.200e-05
2040 640             1386 2.100e-05
2060 649             1406 2.100e-05
2080 653             1422 2.100e-05
2100 659             1425 2.100e-05
2120 668             1450 2.300e-05
2140 672             1473 2.200e-05
2160 678             1470 2.400e-05
2180 686             1485 2.300e-05
2200 690             1498 2.300e-05
2220 699             1515 2.300e-05
2240 705             1532 2.300e-05
2260 709             1552 2.300e-05
2280 716             1549 2.300e-05
2300 723             1569 2.400e-05
2320 728             1576 2.400e-05
2340 735             1589 2.400e-05
2360 741             1609 2.400e-05
2380 746             1615 2.400e-05
2400 754             1632 2.400e-05
2420 758             1645 2.400e-05
2440 765             1658 2.600e-05
2460 773             1681 2.400e-05
2480 777             1693 2.900e-05
2500 782             1699 2.500e-05
2520 791             1724 2.600e-05
2540 795             1734 2.600e-05
2560 801             1742 2.500e-05
2580 810             1761 2.500e-05
2600 814             1772 2.600e-05
2620 824             1792 2.900e-05
2640 829             1813 2.800e-05
2660 833             1826 2.700e-05
2680 841             1826 2.700e-05
2700 848             1849 2.700e-05
2720 851             1847 2.700e-05
2740 860             1867 2.700e-05
2760 865             1881 2.700e-05
2780 870             1886 2.700e-05
2800 879             1902 3.000e-05
2820 885             1929 2.900e-05
2840 891             1930 2.900e-05
2860 899             1949 2.800e-05
2880 904             1965 2.900e-05
2900 909             1967 2.900e-05
2920 918             1989 2.900e-05
2940 923             1999 3.000e-05
2960 929             2015 3.000e-05
2980 937             2033 3.200e-05
3000 941             2050 3.100e-05
3020 950             2054 3.000e-05
3040 956             2070 3.000e-05
3060 960             2077 3.100e-05
3080 969             2096 3.000e-05
3100 974             2112 3.100e-05
3120 977             2117 3.100e-05
3140 987             2136 3.300e-05
3160 992             2153 3.100e-05
3180 997             2157 3.100e-05
3200 1005             2172 3.200e-05
3220 1011             2199 3.200e-05
3240 1017             2197 3.200e-05
3260 1025             2221 9.700e-05
3280 1029             2235 4.900e-05
3300 1035             2235 4.500e-05
3320 1044             2257 3.900e-05
3340 1048             2282 3.800e-05
3360 1054             2274 3.600e-05
3380 1061             2295 3.500e-05
3400 1065             2303 3.500e-05
3420 1071             2310 3.500e-05
3440 1079             2332 3.500e-05
3460 1084             2344 3.700e-05
3480 1093             2363 3.500e-05
3500 1098             2379 3.700e-05
3520 1103             2393 3.600e-05
3540 1111             2399 3.700e-05
3560 1117             2426 3.800e-05
3580 1122             2425 3.700e-05
3600 1130             2438 3.600e-05
3620 1136             2465 3.900e-05
3640 1142             2463 3.800e-05
3660 1151             2488 3.600e-05
3680 1155             2508 3.700e-05
3700 1162             2507 3.600e-05
3720 1170             2528 3.600e-05
3740 1174             2547 3.600e-05
3760 1180             2546 3.600e-05
3780 1188             2570 4.300e-05
3800 1192             2576 3.700e-05
3820 1198             2585 3.700e-05
3840 1207             2605 3.800e-05
3860 1211             2617 3.800e-05
3880 1221             2640 3.800e-05
3900 1226             2661 3.800e-05
3920 1230             2667 3.800e-05
3940 1238             2672 4.000e-05
3960 1244             2694 3.900e-05
3980 1248             2691 3.900e-05
4000 1258             2712 3.900e-05
4020 1263             2737 3.900e-05
4040 1268             2733 3.900e-05
4060 1277             2750 4.100e-05
4080 1282             2767 4.000e-05
4100 1290             2783 4.200e-05
4120 1297             2805 4.100e-05
4140 1301             2820 4.000e-05
4160 1307             2822 4.000e-05
4180 1315             2846 4.100e-05
4200 1319             2849 4.100e-05
4220 1325             2858 4.100e-05
4240 1333             2877 4.100e-05
4260 1337             2885 4.100e-05
4280 1346             2903 4.300e-05
4300 1352             2927 4.200e-05
4320 1356             2924 4.300e-05
4340 1365             2944 4.300e-05
4360 1369             2957 4.200e-05
4380 1373             2968 4.300e-05
4400 1382             2982 4.400e-05
4420 1387             3005 4.300e-05
4440 1392             3001 4.500e-05
4460 1401             3018 4.400e-05
4480 1406             3042 4.400e-05
4500 1414             3047 4.300e-05
4520 1421             3069 4.500e-05
4540 1425             3078 4.500e-05
4560 1432             3086 4.500e-05
4580 1440             3107 4.500e-05
4600 1444             3119 4.600e-05
4620 1451             3124 4.500e-05
4640 1458             3147 4.500e-05
4660 1462             3148 4.600e-05
4680 1470             3163 4.600e-05
4700 1477             3180 4.600e-05
4720 1482             3194 4.600e-05
4740 1491             3214 4.700e-05
4760 1496             3229 4.800e-05
4780 1500             3235 4.700e-05
4800 1510             3258 4.700e-05
4820 1515             3280 4.700e-05
4840 1520             3276 4.700e-05
4860 1528             3292 4.800e-05
4880 1533             3317 5.000e-05
4900 1539             3314 4.900e-05
4920 1546             3331 5.000e-05
4940 1551             3353 4.800e-05
4960 1558             3355 4.800e-05
4980 1565             3381 4.900e-05
5000 1569             3392 4.900e-05
5020 1576             3395 4.900e-05
5040 1583             3422 4.900e-05
5060 1587             3420 5.000e-05
5080 1594             3431 4.900e-05
5100 1602             3452 5.200e-05
5120 1607             3465 5.000e-05
5140 1616             3487 5.000e-05
5160 1620             3505 5.100e-05
5180 1624             3506 5.100e-05
5200 1633             3521 5.100e-05
5220 1638             3548 5.200e-05
5240 1643             3541 5.200e-05
5260 1653             3563 5.300e-05
5280 1657             3578 5.200e-05
5300 1663             3585 5.200e-05
5320 1671             3600 5.200e-05
5340 1675             3617 5.200e-05
5360 1684             3630 5.200e-05
5380 1690             3655 5.300e-05
5400 1694             3657 5.300e-05
5420 1702             3673 5.500e-05
5440 1709             3693 5.400e-05
5460 1713             3696 5.300e-05
5480 1721             3711 5.400e-05
5500 1728             3734 5.400e-05
5520 1732             3734 5.400e-05
5540 1741             3753 5.500e-05
5560 1747             3775 5.500e-05
5580 1751             3772 5.500e-05
5600 1760             3797 5.400e-05
5620 1764             3804 5.400e-05
5640 1769             3810 5.700e-05
5660 1779             3832 5.600e-05
5680 1783             3840 5.600e-05
5700 1790             3856 5.700e-05
5720 1798             3871 5.700e-05
5740 1802             3886 6.000e-05
5760 1810             3895 5.600e-05
5780 1816             3914 5.800e-05
5800 1820             3924 5.800e-05
5820 1827             3931 5.700e-05
5840 1834             3954 5.900e-05
5860 1838             3960 5.800e-05
5880 1846             3969 5.700e-05
5900 1852             3996 6.000e-05
5920 1856             3991 5.800e-05
5940 1864             4006 5.800e-05
5960 1871             4033 5.800e-05
5980 1876             4031 5.800e-05
6000 1884             4050 5.800e-05
6020 1889             4065 5.900e-05
6040 1894             4073 6.100e-05
6060 1903             4093 6.100e-05
6080 1907             4104 6.100e-05
6100 1913             4116 6.100e-05
6120 1921             4133 6.100e-05
6140 1926             4154 6.000e-05
6160 1934             4157 6.000e-05
6180 1941             4176 6.200e-05
6200 1945             4189 6.300e-05
6220 1953             4199 6.200e-05
6240 1959             4226 6.200e-05
6260 1963             4234 6.300e-05
6280 1971             4235 6.400e-05
6300 1977             4262 6.400e-05
6320 1982             4262 6.400e-05
6340 1988             4269 6.400e-05
6360 1995             4289 6.500e-05
6380 2001             4298 6.300e-05
6400 2009             4321 6.500e-05
6420 2013             4328 6.300e-05
6440 2018             4332 6.400e-05
6460 2027             4354 6.400e-05
6480 2031             4381 6.400e-05
6500 2037             4370 6.500e-05
6520 2045             4393 1.140e-04
6540 2049             4409 9.100e-05
6560 2055             4409 8.200e-05
6580 2063             4427 7.700e-05
6600 2067             4441 7.300e-05
6620 2075             4451 7.000e-05
6640 2080             4468 6.900e-05
6660 2085             4484 6.900e-05
6680 2093             4489 6.800e-05
6700 2099             4516 6.900e-05
6720 2104             4515 6.900e-05
6740 2111             4527 7.000e-05
6760 2117             4553 7.000e-05
6780 2122             4550 7.000e-05
6800 2131             4572 7.000e-05
6820 2135             4594 7.100e-05
6840 2141             4593 7.100e-05
6860 2149             4616 7.100e-05
6880 2153             4624 7.200e-05
6900 2159             4634 7.300e-05
6920 2168             4659 7.100e-05
6940 2172             4666 7.100e-05
6960 2178             4673 7.000e-05
6980 2187             4698 7.100e-05
7000 2191             4715 7.200e-05
7020 2200             4720 7.200e-05
7040 2205             4741 7.200e-05
7060 2209             4751 7.100e-05
7080 2217             4753 7.400e-05
7100 2223             4780 7.300e-05
7120 2227             4776 7.400e-05
7140 2235             4790 7.500e-05
7160 2240             4815 7.400e-05
7180 2245             4817 7.600e-05
7200 2253             4830 7.300e-05
7220 2258             4847 7.400e-05
7240 2266             4864 7.600e-05
7260 2273             4887 7.600e-05
7280 2277             4901 7.600e-05
7300 2283             4902 7.700e-05
7320 2292             4927 7.600e-05
7340 2296             4936 7.800e-05
7360 2302             4945 7.700e-05
7380 2310             4966 7.500e-05
7400 2314             4981 8.100e-05
7420 2324             4991 7.500e-05
7440 2330             5012 8.200e-05
7460 2333             5016 7.800e-05
7480 2342             5031 7.900e-05
7500 2347             5052 8.300e-05
7520 2351             5064 7.900e-05
7540 2359             5065 7.900e-05
7560 2365             5085 7.900e-05
7580 2370             5090 7.900e-05
7600 2378             5104 8.000e-05
7620 2383             5121 7.900e-05
7640 2390             5129 7.800e-05
7660 2397             5148 8.000e-05
7680 2401             5164 8.000e-05
7700 2407             5170 7.900e-05
7720 2415             5191 8.100e-05
7740 2419             5206 7.900e-05
7760 2426             5210 7.900e-05
7780 2432             5225 8.000e-05
7800 2436             5232 1.070e-04
7820 2444             5248 8.100e-05
7840 2451             5266 8.000e-05
7860 2455             5274 8.000e-05
7880 2465             5296 8.100e-05
7900 2469             5308 8.200e-05
7920 2473             5328 8.100e-05
7940 2482             5333 8.300e-05
7960 2487             5357 8.400e-05
7980 2492             5355 8.500e-05
8000 2500             5371 8.300e-05
