  1   1                2 4.800e-05
  2   2                3 5.000e-06
  3   3                4 4.000e-06
  4   3                3 4.000e-06
  5   4                5 3.000e-06
  6   4                5 2.000e-06
  7   5                5 3.000e-06
  8   5                5 3.000e-06
  9   5                4 4.000e-06
 10   6                6 3.000e-06
 11   6                6 5.000e-06
 12   6                6 2.000e-06
 13   7                6 3.000e-06
 14   7                6 2.000e-06
 15   7                6 3.000e-06
 16   7                5 3.000e-06
 17   8                7 2.000e-06
 18   8                7 2.000e-06
 19   8                7 2.000e-06
 20   8                7 3.000e-06
 21   9                7 4.000e-06
 22   9                7 3.000e-06
 23   9                7 1.100e-05
 24   9                7 2.000e-06
 25   9                6 2.000e-06
 26  10                8 2.000e-06
 27  10                8 2.000e-06
 28  10                8 2.000e-06
 29  10                8 3.000e-06
 30  11                9 2.000e-06
 31  11                7 3.000e-06
 32  11                7 2.000e-06
 33  12                8 2.000e-06
 34  12                6 3.000e-06
 35  12                6 2.000e-06
 36  13                6 3.000e-06
 37  13                6 2.000e-06
 38  13                6 1.000e-06
 39  14                6 3.000e-06
 40  14                6 1.000e-06
 41  14                6 2.000e-06
 42  15                6 2.000e-06
 43  15                6 2.000e-06
 44  15                6 3.000e-06
 45  16                6 2.000e-06
 46  16                6 3.000e-06
 47  16                6 2.000e-06
 48  16                5 2.000e-06
 49  17                7 2.000e-06
 50  17                7 2.000e-06
 55  19                9 2.000e-06
 60  21                8 2.000e-06
 65  24                7 2.000e-06
 70  25                6 2.000e-06
 75  27                7 3.000e-06
 80  28                8 2.000e-06
 85  29                8 7.000e-06
 90  30                9 2.000e-06
 95  32               10 2.000e-06
100  35                7 1.000e-06
110  39                9 3.000e-06
120  42                9 2.000e-06
130  44                9 2.000e-06
140  46               10 2.000e-06
150  48               10 2.000e-06
160  52               12 2.000e-06
170  57                9 2.000e-06
180  60                7 2.000e-06
190  63                9 2.000e-06
200  64                9 2.000e-06
220  71               15 4.000e-06
240  79               12 2.000e-06
260  83               11 2.000e-06
280  90               16 2.000e-06
300  98               12 2.000e-06
320 102               11 2.000e-06
340 112               18 2.000e-06
360 116               10 3.000e-06
380 121               12 3.000e-06
400 130               17 3.000e-06
420 135                9 4.000e-06
440 140               13 2.000e-06
460 148               15 2.000e-06
480 153               10 2.000e-06
500 159               12 3.000e-06
520 167               12 4.000e-06
540 171               10 3.000e-06
560 178               15 3.000e-06
580 184               10 2.000e-06
600 188               10 2.000e-06
620 195               14 2.000e-06
640 203               13 2.000e-06
660 207               11 4.000e-06
680 214               14 4.000e-06
700 222               14 2.000e-06
720 227               10 2.000e-06
740 236               16 3.000e-06
760 241               10 3.000e-06
780 245               12 4.000e-06
800 255               18 4.000e-06
820 260               10 4.000e-06
840 264               12 4.000e-06
860 274               20 4.000e-06
880 278               10 4.000e-06
900 283               12 4.000e-06
920 290               12 1.900e-05
940 295               10 3.000e-06
960 303               16 3.000e-06
980 309               11 3.000e-06
1000 313               11 3.000e-06
1020 320               13 3.000e-06
1040 328               12 4.000e-06
1060 332               11 4.000e-06
1080 340               16 4.000e-06
1100 346               11 2.000e-06
1120 350               10 8.000e-06
1140 359               18 3.000e-06
1160 365               11 3.000e-06
1180 369               12 2.000e-06
1200 378               19 3.000e-06
1220 383               10 4.000e-06
1240 388               13 3.000e-06
1260 397               19 5.000e-06
1280 402               11 3.000e-06
1300 407               13 4.000e-06
1320 415               14 3.000e-06
1340 420                9 3.000e-06
1360 429               16 3.000e-06
1380 435               11 3.000e-06
1400 439               11 3.000e-06
1420 445               14 3.000e-06
1440 453               12 3.000e-06
1460 457               11 3.000e-06
1480 465               17 3.000e-06
1500 472               12 3.000e-06
1520 476               11 3.000e-06
1540 484               18 3.000e-06
1560 491               12 3.000e-06
1580 497               13 3.000e-06
1600 505               13 3.000e-06
1620 510               10 4.000e-06
1640 514               11 3.000e-06
1660 524               18 4.000e-06
1680 529                9 3.000e-06
1700 535               14 4.000e-06
1720 542               13 4.000e-06
1740 547                9 4.000e-06
1760 554               15 4.000e-06
1780 561               11 4.000e-06
1800 565               11 4.000e-06
1820 573               16 4.000e-06
1840 579               10 3.000e-06
1860 583               10 3.000e-06
1880 591               15 3.000e-06
1900 597               11 3.000e-06
1920 602               11 3.000e-06
1940 609               12 6.000e-06
1960 617               12 3.000e-06
1980 622               12 4.000e-06
2000 631               13 3.000e-06
2020 636               10 3.000e-06
2040 640               12 4.000e-06
2060 649               18 4.000e-06
2080 653               10 4.000e-06
2100 659               13 3.000e-06
2120 668               13 4.000e-06
2140 672               10 5.000e-06
2160 678               14 4.000e-06
2180 686               14 4.000e-06
2200 690               10 3.000e-06
2220 699               16 4.000e-06
2240 705               10 3.000e-06
2260 709               12 5.000e-06
2280 716               15 4.000e-06
2300 723               11 4.000e-06
2320 728               11 3.000e-06
2340 735               17 4.000e-06
2360 741               10 3.000e-06
2380 746               12 4.000e-06
2400 754               17 4.000e-06
2420 758               10 3.000e-06
2440 765               14 4.000e-06
2460 773               13 3.000e-06
2480 777                9 5.000e-06
2500 782               12 4.000e-06
2520 791               13 5.000e-06
2540 795               10 4.000e-06
2560 801               14 4.000e-06
2580 810               15 3.000e-06
2600 814               10 3.000e-06
2620 824               17 4.000e-06
2640 829               10 5.000e-06
2660 833               12 4.000e-06
2680 841               16 5.000e-06
2700 848               12 4.000e-06
2720 851               10 5.000e-06
2740 860               18 4.000e-06
2760 865                9 5.000e-06
2780 870               12 4.000e-06
2800 879               14 5.000e-06
2820 885               11 4.000e-06
2840 891               13 5.000e-06
2860 899               12 4.000e-06
2880 904               11 5.000e-06
2900 909               13 5.000e-06
2920 918               20 4.000e-06
2940 923               11 4.000e-06
2960 929               14 4.000e-06
2980 937               13 1.700e-05
3000 941               10 5.000e-06
3020 950               17 4.000e-06
3040 956               11 5.000e-06
3060 960               11 4.000e-06
3080 969               18 5.000e-06
3100 974               11 4.000e-06
3120 977               11 4.000e-06
3140 987               18 4.000e-06
3160 992               10 6.000e-06
3180 997               12 5.000e-06
3200 1005               13 4.000e-06
3220 1011               10 4.000e-06
3240 1017               12 6.000e-06
3260 1025               12 4.000e-06
3280 1029               11 5.000e-06
3300 1035               14 4.000e-06
3320 1044               14 4.000e-06
3340 1048               10 4.000e-06
3360 1054               14 5.000e-06
3380 1061               12 4.000e-06
3400 1065               11 5.000e-06
3420 1071               13 5.000e-06
3440 1079               13 4.000e-06
3460 1084               10 5.000e-06
3480 1093               16 5.000e-06
3500 1098               10 5.000e-06
3520 1103               13 5.000e-06
3540 1111               16 6.000e-06
3560 1117               11 4.000e-06
3580 1122               12 4.000e-06
3600 1130               14 5.000e-06
3620 1136               10 4.000e-06
3640 1142               12 4.000e-06
3660 1151               13 4.000e-06
3680 1155               10 5.000e-06
3700 1162               15 5.000e-06
3720 1170               13 6.000e-06
3740 1174               11 5.000e-06
3760 1180               14 6.000e-06
3780 1188               12 5.000e-06
3800 1192               11 5.000e-06
3820 1198               15 5.000e-06
3840 1207               16 6.000e-06
3860 1211               10 5.000e-06
3880 1221               18 5.000e-06
3900 1226                9 4.000e-06
3920 1230               12 5.000e-06
3940 1238               16 5.000e-06
3960 1244               11 4.000e-06
3980 1248               12 5.000e-06
4000 1258               20 7.000e-06
4020 1263               10 5.000e-06
4040 1268               13 6.000e-06
4060 1277               15 5.000e-06
4080 1282               10 4.000e-06
4100 1290               15 6.000e-06
4120 1297               11 5.000e-06
4140 1301               11 5.000e-06
4160 1307               13 5.000e-06
4180 1315               12 7.000e-06
4200 1319               11 5.000e-06
4220 1325               15 6.000e-06
4240 1333               13 6.000e-06
4260 1337               10 6.000e-06
4280 1346               17 5.000e-06
4300 1352               11 6.000e-06
4320 1356               11 5.000e-06
4340 1365               17 5.000e-06
4360 1369               10 6.000e-06
4380 1373               11 5.000e-06
4400 1382               18 6.000e-06
4420 1387                9 5.000e-06
4440 1392               13 5.000e-06
4460 1401               14 6.000e-06
4480 1406               10 5.000e-06
4500 1414               14 6.000e-06
4520 1421               12 6.000e-06
4540 1425               11 6.000e-06
4560 1432               15 6.000e-06
4580 1440               13 5.000e-06
4600 1444               11 7.000e-06
4620 1451               16 5.000e-06
4640 1458               12 2.500e-05
4660 1462               11 5.000e-06
4680 1470               17 1.600e-05
4700 1477               12 5.000e-06
4720 1482               11 6.000e-06
4740 1491               16 6.000e-06
4760 1496               10 5.000e-06
4780 1500               12 5.000e-06
4800 1510               18 6.000e-06
4820 1515                9 6.000e-06
4840 1520               13 5.000e-06
4860 1528               13 6.000e-06
4880 1533               11 5.000e-06
4900 1539               14 6.000e-06
4920 1546               11 6.000e-06
4940 1551               11 6.000e-06
4960 1558               15 7.000e-06
4980 1565               11 5.000e-06
5000 1569               11 7.000e-06
5020 1576               15 2.900e-05
5040 1583               11 5.000e-06
5060 1587               11 5.000e-06
5080 1594               14 6.000e-06
5100 1602               13 6.000e-06
5120 1607               12 7.000e-06
5140 1616               17 6.000e-06
5160 1620               10 6.000e-06
5180 1624               12 1.600e-05
5200 1633               17 6.000e-06
5220 1638               10 7.000e-06
5240 1643               13 6.000e-06
5260 1653               14 7.000e-06
5280 1657               10 6.000e-06
5300 1663               13 7.000e-06
5320 1671               14 5.000e-06
5340 1675               10 5.000e-06
5360 1684               16 7.000e-06
5380 1690               11 6.000e-06
5400 1694               11 7.000e-06
5420 1702               15 6.000e-06
5440 1709               11 7.000e-06
5460 1713               10 6.000e-06
5480 1721               17 8.000e-06
5500 1728               13 6.000e-06
5520 1732               11 7.000e-06
5540 1741               18 6.000e-06
5560 1747               11 6.000e-06
5580 1751               12 7.000e-06
5600 1760               19 6.000e-06
5620 1764               10 6.000e-06
5640 1769               12 7.000e-06
5660 1779               20 7.000e-06
5680 1783               10 6.000e-06
5700 1790               14 6.000e-06
5720 1798               14 6.000e-06
5740 1802               10 6.000e-06
5760 1810               15 7.000e-06
5780 1816               10 6.000e-06
5800 1820               12 6.000e-06
5820 1827               15 8.000e-06
5840 1834               12 6.000e-06
5860 1838               11 6.000e-06
5880 1846               17 7.000e-06
5900 1852               10 6.000e-06
5920 1856               10 6.000e-06
5940 1864               16 6.000e-06
5960 1871               11 6.000e-06
5980 1876               12 7.000e-06
6000 1884               12 7.000e-06
6020 1889               11 7.000e-06
6040 1894               12 2.800e-05
6060 1903               18 7.000e-06
6080 1907               10 8.000e-06
6100 1913               13 7.000e-06
6120 1921               14 7.000e-06
6140 1926               11 7.000e-06
6160 1934               16 7.000e-06
6180 1941               12 6.000e-06
6200 1945               11 7.000e-06
6220 1953               17 8.000e-06
6240 1959               10 7.000e-06
6260 1963               10 6.000e-06
6280 1971               17 7.000e-06
6300 1977               10 6.000e-06
6320 1982               11 8.000e-06
6340 1988               12 7.000e-06
6360 1995               13 7.000e-06
6380 2001               12 7.000e-06
6400 2009               13 6.000e-06
6420 2013                9 7.000e-06
6440 2018               12 2.700e-05
6460 2027               19 8.000e-06
6480 2031               10 6.000e-06
6500 2037               14 7.000e-06
6520 2045               13 6.000e-06
6540 2049                9 7.000e-06
6560 2055               13 8.000e-06
6580 2063               14 7.000e-06
6600 2067               10 8.000e-06
6620 2075               16 7.000e-06
6640 2080               10 7.000e-06
6660 2085               13 7.000e-06
6680 2093               16 6.000e-06
6700 2099               10 8.000e-06
6720 2104               11 7.000e-06
6740 2111               13 7.000e-06
6760 2117               11 7.000e-06
6780 2122               12 7.000e-06
6800 2131               13 7.000e-06
6820 2135               10 7.000e-06
6840 2141               14 8.000e-06
6860 2149               12 6.000e-06
6880 2153                9 6.000e-06
6900 2159               13 8.000e-06
6920 2168               13 7.000e-06
6940 2172               10 8.000e-06
6960 2178               14 7.000e-06
6980 2187               16 7.000e-06
7000 2191               10 6.000e-06
7020 2200               17 7.000e-06
7040 2205               11 8.000e-06
7060 2209               12 7.000e-06
7080 2217               16 7.000e-06
7100 2223               11 7.000e-06
7120 2227               11 7.000e-06
7140 2235               17 9.000e-06
7160 2240               11 7.000e-06
7180 2245               13 7.000e-06
7200 2253               14 7.000e-06
7220 2258               10 8.000e-06
7240 2266               15 8.000e-06
7260 2273               12 8.000e-06
7280 2277               11 9.000e-06
7300 2283               14 8.000e-06
7320 2292               13 7.000e-06
7340 2296               10 7.000e-06
7360 2302               14 8.000e-06
7380 2310               14 8.000e-06
7400 2314                9 7.000e-06
7420 2324               17 9.000e-06
7440 2330               11 7.000e-06
7460 2333               10 2.700e-05
7480 2342               18 8.000e-06
7500 2347               11 1.900e-05
7520 2351               12 8.000e-06
7540 2359               16 8.000e-06
7560 2365               11 7.000e-06
7580 2370               13 7.000e-06
7600 2378               13 7.000e-06
7620 2383               10 7.000e-06
7640 2390               14 9.000e-06
7660 2397               12 7.000e-06
7680 2401               11 7.000e-06
7700 2407               14 8.000e-06
7720 2415               13 7.000e-06
7740 2419               11 8.000e-06
7760 2426               16 8.000e-06
7780 2432               11 8.000e-06
7800 2436               10 8.000e-06
7820 2444               16 9.000e-06
7840 2451               12 8.000e-06
7860 2455               11 9.000e-06
7880 2465               18 8.000e-06
7900 2469               10 7.000e-06
7920 2473               11 9.000e-06
7940 2482               16 9.000e-06
7960 2487               10 7.000e-06
7980 2492               13 8.000e-06
8000 2500               14 7.000e-06
