  1  1                2 4.000e-06
  2  2                3 1.000e-06
  3  3                5 1.000e-06
  4  3                8 2.000e-06
  5  4               13 2.000e-06
  6  4               22 2.000e-06
  7  5               36 3.000e-06
  8  5               60 2.000e-06
  9  5              100 4.000e-06
 10  6              167 5.000e-06
 11  6              279 5.000e-06
 12  6              465 8.000e-06
 13  7              777 1.200e-05
 14  7             1297 2.000e-05
 15  7             2165 3.200e-05
 16  7             3614 5.000e-05
 17  8             6031 8.400e-05
 18  8            10065 1.370e-04
 19  8            16795 2.270e-04
 20  8            28024 3.770e-04
 21  9            46758 6.310e-04
 22  9            78011 1.050e-03
 23  9           130152 1.672e-03
 24  9           215718 2.476e-03
 25  9           358456 4.078e-03
 26 10           596573 6.305e-03
 27 10           992483 9.382e-03
 28 10          1652935 1.370e-02
 29 10          2768059 1.880e-02
 30 11          4625675 2.665e-02
 31 11          7681054 4.099e-02
 32 11         12786115 6.854e-02
 33 12         21293137 1.141e-01
 34 12         35442531 1.890e-01
 35 12         59048181 3.131e-01
 36 12         98372059 5.226e-01
 37 13        163888580 8.741e-01
 38 13        273080174 1.459e+00
 39 13        457353263 2.447e+00
 40 14        764430029 4.181e+00
 41 14       1276082532 6.839e+00
 42 14       2120137221 1.148e+01
 43 15       3526621974 1.906e+01
 44 15       5872545559 3.187e+01
 45 15       9775436762 5.204e+01
 46 15      16283527450 8.727e+01
 47 16      27128805265 1.451e+02
 48 16      43399505495 2.373e+02
 49 16      70515483540 3.853e+02
 50 17     113902161815 6.131e+02
