  1   1                2 2.098e-06
  2   2                3 9.670e-07
  3   3                5 1.097e-06
  4   3                8 1.260e-06
  5   4               13 1.367e-06
  6   4               22 1.718e-06
  7   5               36 2.045e-06
  8   5               60 2.586e-06
  9   5              100 3.643e-06
 10   6              167 5.086e-06
 11   6              279 2.542e-06
 12   6              465 2.857e-06
 13   7              777 6.187e-06
 14   7             1297 7.676e-06
 15   7             2165 1.245e-05
 16   7             3614 2.051e-05
 17   8             6031 3.522e-05
 18   8            10065 5.652e-05
 19   8            16795 9.371e-05
 20   8            28011 1.553e-04
 21   9            46724 3.414e-04
 22   9            77940 5.811e-04
 23   9           129233 8.080e-04
 24   9           214799 1.337e-03
 25   9           357537 2.071e-03
 26  10           594869 3.342e-03
 27  10           990779 5.280e-03
 28  10          1650446 9.931e-03
 29  11          2749324 1.376e-02
 30  11          4580881 2.348e-02
 31  11          7632335 3.788e-02
 32  12         12717225 6.414e-02
 33  12         21190338 1.022e-01
 34  12         35308571 1.716e-01
 35  13         58834475 2.998e-01
 36  13         98035278 4.819e-01
 37  13        163355651 8.239e-01
 38  14        272199608 1.443e+00
 39  14        453565724 2.404e+00
 40  14        755777134 3.883e+00
 41  15       1259352340 6.272e+00
 42  15       2109270162 1.035e+01
 43  15       3525489897 1.723e+01
 44  16       5885338780 2.870e+01
 45  16       9828369942 4.794e+01
 46  16      16409458723 7.998e+01
 47  17      27386348662 1.334e+02
 48  17      45437391264 2.219e+02
 49  17      75548304759 3.699e+02
 50  17     125776226104 6.157e+02
