  1   1                2 4.084e-05
  2   2                3 2.257e-06
  3   3                4 1.992e-06
  4   3                4 2.161e-06
  5   4                5 1.903e-06
  6   4                5 1.897e-06
  7   5                6 3.307e-06
  8   5                6 2.331e-06
  9   5                6 2.617e-06
 10   6                7 2.595e-06
 11   6                7 2.575e-06
 12   6                7 1.175e-06
 13   7                8 1.179e-06
 14   7                8 1.205e-06
 15   7                8 8.800e-07
 16   7                8 9.190e-07
 17   8                9 8.520e-07
 18   8                9 8.280e-07
 19   8                9 8.690e-07
 20   8                9 1.152e-06
 21   9               10 1.882e-06
 22   9               10 6.470e-07
 23   9               10 6.710e-07
 24   9               10 6.350e-07
 25   9               10 7.400e-07
 26  10               11 6.970e-07
 27  10               11 6.280e-07
 28  10               11 6.440e-07
 29  11               12 6.700e-07
 30  11               12 9.500e-07
 31  11               12 9.010e-07
 32  12               13 1.012e-06
 33  12               13 7.820e-07
 34  12               13 7.520e-07
 35  13               14 7.080e-07
 36  13               14 9.700e-07
 37  13               14 9.120e-07
 38  14               15 7.540e-07
 39  14               15 9.840e-07
 40  14               15 8.020e-07
 41  15               16 7.340e-07
 42  15               16 7.000e-07
 43  15               16 1.148e-06
 44  16               17 9.810e-07
 45  16               17 1.029e-06
 46  16               17 1.037e-06
 47  17               18 9.960e-07
 48  17               18 1.066e-06
 49  17               18 7.960e-07
 50  17               18 1.001e-06
 55  19               20 1.115e-06
 60  22               23 9.120e-07
 65  24               25 9.010e-07
 70  25               26 8.880e-07
 75  26               27 9.030e-07
 80  27               28 9.390e-07
 85  28               29 9.620e-07
 90  29               30 9.910e-07
 95  31               32 1.171e-06
100  34               35 1.209e-06
110  38               39 1.989e-06
120  41               42 1.312e-06
130  43               44 1.269e-06
140  45               46 1.286e-06
150  47               48 1.394e-06
160  51               52 1.590e-06
170  56               57 1.553e-06
180  59               60 1.520e-06
190  61               62 2.831e-06
200  63               64 1.418e-06
220  70               71 1.076e-05
240  78               79 2.743e-06
260  82               83 2.529e-06
280  89               90 2.655e-06
300  96               97 2.906e-06
320 101              102 2.755e-06
340 110              111 3.243e-06
360 115              116 1.805e-05
380 120              121 3.326e-06
400 129              130 3.502e-06
420 134              135 4.460e-06
440 140              141 3.559e-06
460 147              148 3.364e-06
480 153              154 4.689e-06
500 158              159 3.433e-06
520 167              168 3.544e-06
540 171              172 3.615e-06
560 178              179 3.765e-06
580 184              185 3.816e-06
600 188              189 3.837e-06
620 194              195 4.037e-06
640 202              203 4.119e-06
660 206              207 4.210e-06
680 212              213 4.370e-06
700 220              221 4.459e-06
720 224              225 4.581e-06
740 233              234 4.708e-06
760 238              239 4.764e-06
780 241              242 4.847e-06
800 250              251 5.018e-06
820 256              257 8.731e-06
840 260              261 6.513e-06
860 269              270 5.752e-06
880 274              275 5.598e-06
900 279              280 5.655e-06
920 287              288 5.763e-06
940 292              293 5.839e-06
960 300              301 5.953e-06
980 306              307 6.125e-06
1000 310              311 6.150e-06
1020 317              318 6.425e-06
1040 325              326 6.493e-06
1060 329              330 6.583e-06
1080 336              337 6.650e-06
1100 344              345 6.769e-06
1120 348              349 6.837e-06
1140 357              358 6.974e-06
1160 361              362 7.134e-06
1180 365              366 7.228e-06
1200 374              375 7.390e-06
1220 379              380 7.362e-06
1240 383              384 7.576e-06
1260 392              393 7.646e-06
1280 397              398 7.639e-06
1300 403              404 7.873e-06
1320 411              412 8.023e-06
1340 416              417 7.975e-06
1360 424              425 8.163e-06
1380 431              432 8.253e-06
1400 435              436 8.322e-06
1420 442              443 8.547e-06
1440 449              450 8.657e-06
1460 453              454 8.623e-06
1480 461              462 8.918e-06
1500 468              469 8.935e-06
1520 473              474 9.021e-06
1540 480              481 9.218e-06
1560 487              488 9.302e-06
1580 492              493 9.456e-06
1600 501              502 9.547e-06
1620 505              506 9.529e-06
1640 509              510 9.664e-06
1660 519              520 9.842e-06
1680 523              524 9.878e-06
1700 529              530 1.010e-05
1720 537              538 1.015e-05
1740 542              543 1.034e-05
1760 549              550 1.043e-05
1780 556              557 1.055e-05
1800 560              561 1.063e-05
1820 568              569 1.074e-05
1840 575              576 1.087e-05
1860 579              580 1.091e-05
1880 586              587 1.114e-05
1900 593              594 1.127e-05
1920 597              598 1.130e-05
1940 604              605 1.149e-05
1960 612              613 1.156e-05
1980 617              618 1.169e-05
2000 626              627 1.179e-05
2020 630              631 1.193e-05
2040 635              636 1.197e-05
2060 644              645 1.214e-05
2080 649              650 1.221e-05
2100 655              656 1.229e-05
2120 664              665 1.250e-05
2140 669              670 1.257e-05
2160 675              676 1.267e-05
2180 682              683 1.281e-05
2200 687              688 1.296e-05
2220 697              698 1.309e-05
2240 702              703 1.321e-05
2260 707              708 1.328e-05
2280 714              715 1.346e-05
2300 721              722 1.357e-05
2320 725              726 1.376e-05
2340 733              734 1.390e-05
2360 740              741 1.398e-05
2380 744              745 1.412e-05
2400 754              755 1.424e-05
2420 758              759 1.429e-05
2440 764              765 1.448e-05
2460 772              773 1.466e-05
2480 776              777 1.477e-05
2500 781              782 1.487e-05
2520 789              790 1.494e-05
2540 793              794 1.507e-05
2560 799              800 1.524e-05
2580 807              808 1.540e-05
2600 812              813 1.551e-05
2620 821              822 1.569e-05
2640 827              828 1.568e-05
2660 831              832 1.584e-05
2680 839              840 1.605e-05
2700 846              847 1.603e-05
2720 849              850 1.617e-05
2740 858              859 1.629e-05
2760 864              865 1.638e-05
2780 869              870 1.670e-05
2800 877              878 1.675e-05
2820 883              884 1.679e-05
2840 890              891 1.703e-05
2860 897              898 1.702e-05
2880 902              903 1.713e-05
2900 907              908 1.725e-05
2920 916              917 1.743e-05
2940 921              922 1.747e-05
2960 927              928 1.760e-05
2980 936              937 1.777e-05
3000 940              941 1.779e-05
3020 949              950 1.801e-05
3040 954              955 1.817e-05
3060 958              959 1.825e-05
3080 967              968 2.387e-05
3100 973              974 1.864e-05
3120 976              977 1.868e-05
3140 985              986 1.884e-05
3160 991              992 1.913e-05
3180 997              998 1.659e-05
3200 1004             1005 1.670e-05
3220 1011             1012 1.675e-05
3240 1018             1019 1.697e-05
3260 1026             1027 1.701e-05
3280 1031             1032 1.711e-05
3300 1035             1036 1.733e-05
3320 1044             1045 1.745e-05
3340 1048             1049 1.747e-05
3360 1055             1056 1.766e-05
3380 1062             1063 1.773e-05
3400 1066             1067 1.774e-05
3420 1073             1074 1.791e-05
3440 1081             1082 1.809e-05
3460 1085             1086 1.821e-05
3480 1094             1095 1.830e-05
3500 1099             1100 1.830e-05
3520 1103             1104 1.840e-05
3540 1112             1113 1.863e-05
3560 1117             1118 1.870e-05
3580 1122             1123 1.885e-05
3600 1131             1132 1.907e-05
3620 1136             1137 1.907e-05
3640 1142             1143 1.960e-05
3660 1151             1152 1.925e-05
3680 1155             1156 1.932e-05
3700 1162             1163 1.953e-05
3720 1170             1171 1.967e-05
3740 1174             1175 1.984e-05
3760 1180             1181 2.108e-05
3780 1188             1189 2.009e-05
3800 1193             1194 2.008e-05
3820 1199             1200 2.020e-05
3840 1208             1209 2.037e-05
3860 1212             1213 2.047e-05
3880 1222             1223 2.070e-05
3900 1227             1228 2.071e-05
3920 1231             1232 2.078e-05
3940 1239             1240 2.114e-05
3960 1245             1246 2.118e-05
3980 1249             1250 2.129e-05
4000 1257             1258 2.141e-05
4020 1262             1263 2.150e-05
4040 1267             1268 2.170e-05
4060 1275             1276 2.166e-05
4080 1279             1280 2.180e-05
4100 1287             1288 2.193e-05
4120 1294             1295 2.202e-05
4140 1298             1299 2.224e-05
4160 1305             1306 2.225e-05
4180 1313             1314 2.298e-05
4200 1317             1318 2.245e-05
4220 1324             1325 2.261e-05
4240 1332             1333 2.262e-05
4260 1336             1337 2.335e-05
4280 1346             1347 2.298e-05
4300 1351             1352 2.294e-05
4320 1355             1356 2.322e-05
4340 1364             1365 2.331e-05
4360 1369             1370 2.338e-05
4380 1373             1374 2.350e-05
4400 1383             1384 2.372e-05
4420 1388             1389 2.386e-05
4440 1394             1395 2.398e-05
4460 1402             1403 2.419e-05
4480 1407             1408 2.421e-05
4500 1415             1416 2.443e-05
4520 1422             1423 2.453e-05
4540 1426             1427 2.462e-05
4560 1433             1434 2.469e-05
4580 1441             1442 2.475e-05
4600 1445             1446 2.493e-05
4620 1452             1453 2.509e-05
4640 1459             1460 2.530e-05
4660 1463             1464 2.538e-05
4680 1471             1472 2.552e-05
4700 1479             1480 2.573e-05
4720 1484             1485 2.569e-05
4740 1492             1493 2.581e-05
4760 1497             1498 2.605e-05
4780 1501             1502 2.602e-05
4800 1511             1512 2.627e-05
4820 1516             1517 2.638e-05
4840 1521             1522 2.652e-05
4860 1530             1531 2.652e-05
4880 1535             1536 2.665e-05
4900 1541             1542 2.681e-05
4920 1549             1550 2.687e-05
4940 1553             1554 2.703e-05
4960 1561             1562 2.708e-05
4980 1567             1568 2.724e-05
5000 1571             1572 2.741e-05
5020 1579             1580 2.763e-05
5040 1586             1587 2.766e-05
5060 1590             1591 2.785e-05
5080 1597             1598 2.797e-05
5100 1603             1604 2.800e-05
5120 1609             1610 2.830e-05
5140 1618             1619 2.834e-05
5160 1622             1623 2.852e-05
5180 1626             1627 2.858e-05
5200 1636             1637 2.881e-05
5220 1640             1641 3.115e-05
5240 1645             1646 3.318e-05
5260 1654             1655 3.339e-05
5280 1658             1659 3.347e-05
5300 1663             1664 3.355e-05
5320 1673             1674 3.378e-05
5340 1677             1678 3.393e-05
5360 1685             1686 3.398e-05
5380 1690             1691 3.406e-05
5400 1695             1696 3.417e-05
5420 1703             1704 3.442e-05
5440 1710             1711 3.451e-05
5460 1715             1716 3.459e-05
5480 1722             1723 3.471e-05
5500 1729             1730 3.478e-05
5520 1734             1735 3.502e-05
5540 1743             1744 3.535e-05
5560 1748             1749 3.534e-05
5580 1753             1754 3.545e-05
5600 1762             1763 3.563e-05
5620 1766             1767 7.185e-05
5640 1771             1772 1.313e-04
5660 1780             1781 3.619e-05
5680 1785             1786 4.237e-05
5700 1791             1792 5.081e-05
5720 1799             1800 4.504e-05
5740 1804             1805 4.448e-05
5760 1812             1813 4.583e-05
5780 1819             1820 4.257e-05
5800 1823             1824 4.373e-05
5820 1830             1831 3.690e-05
5840 1837             1838 4.143e-05
5860 1840             1841 3.737e-05
5880 1849             1850 3.768e-05
5900 1855             1856 3.787e-05
5920 1858             1859 3.808e-05
5940 1866             1867 4.132e-05
5960 1872             1873 4.094e-05
5980 1878             1879 3.829e-05
6000 1886             1887 3.849e-05
6020 1891             1892 3.850e-05
6040 1895             1896 3.868e-05
6060 1905             1906 3.887e-05
6080 1909             1910 4.185e-05
6100 1915             1916 4.017e-05
6120 1923             1924 4.034e-05
6140 1927             1928 4.053e-05
6160 1935             1936 4.076e-05
6180 1942             1943 4.086e-05
6200 1946             1947 4.229e-05
6220 1955             1956 4.111e-05
6240 1960             1961 4.118e-05
6260 1964             1965 4.159e-05
6280 1972             1973 4.510e-05
6300 1978             1979 4.655e-05
6320 1983             1984 4.574e-05
6340 1991             1992 4.881e-05
6360 1998             1999 4.325e-05
6380 2003             2004 4.193e-05
6400 2011             2012 4.233e-05
6420 2015             2016 4.513e-05
6440 2019             2020 4.156e-05
6460 2028             2029 4.173e-05
6480 2032             2033 4.181e-05
6500 2038             2039 4.373e-05
6520 2047             2048 4.499e-05
6540 2051             2052 4.423e-05
6560 2058             2059 4.392e-05
6580 2067             2068 4.523e-05
6600 2071             2072 4.570e-05
6620 2079             2080 4.902e-05
6640 2084             2085 4.712e-05
6660 2089             2090 5.311e-05
6680 2097             2098 6.211e-05
6700 2103             2104 4.532e-05
6720 2108             2109 4.476e-05
6740 2115             2116 4.489e-05
6760 2122             2123 4.495e-05
6780 2127             2128 4.514e-05
6800 2135             2136 4.535e-05
6820 2140             2141 4.550e-05
6840 2146             2147 4.575e-05
6860 2153             2154 4.580e-05
6880 2158             2159 4.604e-05
6900 2163             2164 4.603e-05
6920 2171             2172 4.627e-05
6940 2175             2176 4.628e-05
6960 2182             2183 4.628e-05
6980 2190             2191 4.665e-05
7000 2195             2196 5.233e-05
7020 2203             2204 6.296e-05
7040 2208             2209 5.944e-05
7060 2212             2213 5.203e-05
7080 2220             2221 4.948e-05
7100 2226             2227 4.729e-05
7120 2230             2231 4.750e-05
7140 2239             2240 4.778e-05
7160 2244             2245 4.779e-05
7180 2248             2249 4.773e-05
7200 2257             2258 4.878e-05
7220 2262             2263 4.845e-05
7240 2269             2270 4.849e-05
7260 2277             2278 4.850e-05
7280 2281             2282 4.929e-05
7300 2288             2289 4.763e-05
7320 2297             2298 4.849e-05
7340 2301             2302 4.824e-05
7360 2308             2309 4.799e-05
7380 2315             2316 4.829e-05
7400 2320             2321 4.844e-05
7420 2329             2330 4.861e-05
7440 2335             2336 4.878e-05
7460 2339             2340 5.072e-05
7480 2349             2350 5.937e-05
7500 2354             2355 4.962e-05
7520 2358             2359 4.917e-05
7540 2368             2369 4.957e-05
7560 2373             2374 4.955e-05
7580 2378             2379 4.976e-05
7600 2385             2386 4.980e-05
7620 2391             2392 5.001e-05
7640 2398             2399 5.014e-05
7660 2405             2406 5.035e-05
7680 2409             2410 5.041e-05
7700 2414             2415 5.070e-05
7720 2422             2423 5.073e-05
7740 2426             2427 5.102e-05
7760 2434             2435 5.109e-05
7780 2441             2442 5.100e-05
7800 2445             2446 5.115e-05
7820 2453             2454 5.140e-05
7840 2461             2462 5.183e-05
7860 2466             2467 5.184e-05
7880 2476             2477 5.173e-05
7900 2480             2481 5.198e-05
7920 2485             2486 5.210e-05
7940 2493             2494 5.216e-05
7960 2499             2500 5.243e-05
7980 2504             2505 5.255e-05
8000 2512             2513 5.293e-05
