  1  1                2 4.000e-06
  2  2                3 1.000e-06
  3  3                5 1.000e-06
  4  3                8 2.000e-06
  5  4               13 1.000e-06
  6  4               22 1.000e-06
  7  5               36 2.000e-06
  8  5               60 2.000e-06
  9  5              100 4.000e-06
 10  6              167 4.000e-06
 11  6              279 6.000e-06
 12  6              465 6.000e-06
 13  7              777 9.000e-06
 14  7             1297 1.500e-05
 15  7             2165 2.200e-05
 16  7             3614 3.400e-05
 17  8             6031 5.600e-05
 18  8            10065 1.040e-04
 19  8            16795 1.510e-04
 20  8            28024 2.500e-04
 21  9            46758 4.150e-04
 22  9            78011 6.920e-04
 23  9           130152 1.154e-03
 24  9           215718 1.927e-03
 25  9           358456 3.181e-03
 26 10           596573 5.296e-03
 27 10           992483 8.812e-03
 28 10          1652935 1.467e-02
 29 10          2753383 2.436e-02
 30 11          4586510 4.043e-02
 31 11          7641889 6.733e-02
 32 11         12732274 1.123e-01
 33 12         21214807 1.868e-01
 34 12         35349525 3.138e-01
 35 12         59205420 5.240e-01
 36 13         98450968 8.755e-01
 37 13        163845131 1.457e+00
 38 13        273115634 2.491e+00
 39 14        454687420 4.037e+00
 40 14        757543606 6.708e+00
 41 14       1268791028 1.122e+01
 42 15       2120581163 1.882e+01
 43 15       3539921158 3.146e+01
 44 15       5911060207 5.245e+01
 45 16       9869296797 8.780e+01
 46 16      16376453204 1.457e+02
 47 16      27232026574 2.420e+02
 48 16      45341189468 4.021e+02
 49 17      75453538385 6.688e+02
 50 17     125682374838 1.117e+03
