  1   1                0 5.494e-05
  2   2                0 2.488e-06
  3   3                0 2.179e-06
  4   3                0 2.527e-06
  5   4                0 2.319e-06
  6   4                0 2.422e-06
  7   5                0 2.402e-06
  8   5                0 2.500e-06
  9   5                0 2.708e-06
 10   6                0 2.350e-06
 11   6                0 4.692e-06
 12   6                0 2.083e-06
 13   7                0 2.188e-06
 14   7                0 2.077e-06
 15   7                0 2.134e-06
 16   7                0 2.133e-06
 17   8                0 1.999e-06
 18   8                0 2.175e-06
 19   8                0 2.186e-06
 20   8                0 2.163e-06
 21   9                0 6.008e-06
 22   9                0 9.940e-07
 23   9                0 9.550e-07
 24   9                0 9.220e-07
 25   9                0 9.670e-07
 26  10                0 8.720e-07
 27  10                0 8.600e-07
 28  10                0 8.810e-07
 29  11                0 9.420e-07
 30  11                0 9.940e-07
 31  11                0 9.150e-07
 32  12                0 9.560e-07
 33  12                0 9.480e-07
 34  12                0 9.580e-07
 35  13                0 9.710e-07
 36  13                0 1.019e-06
 37  13                0 9.580e-07
 38  14                0 9.800e-07
 39  14                0 9.490e-07
 40  14                0 9.790e-07
 41  15                0 1.011e-06
 42  15                0 9.670e-07
 43  15                0 9.970e-07
 44  16                0 1.033e-06
 45  16                0 1.019e-06
 46  16                0 9.880e-07
 47  17                0 9.940e-07
 48  17                0 9.960e-07
 49  17                0 1.010e-06
 50  17                0 1.064e-06
 55  19                0 2.957e-06
 60  22                0 1.020e-06
 65  24                0 9.390e-07
 70  25                0 8.750e-07
 75  26                0 9.040e-07
 80  27                0 9.150e-07
 85  28                0 9.140e-07
 90  29                0 9.550e-07
 95  31                0 1.097e-06
100  34                0 1.155e-06
110  38                0 2.200e-06
120  41                0 1.210e-06
130  43                0 1.200e-06
140  45                0 1.236e-06
150  47                0 1.310e-06
160  51                0 1.535e-06
170  56                0 1.524e-06
180  59                0 1.452e-06
190  61                0 1.475e-06
200  63                0 1.528e-06
220  70                0 3.063e-06
240  78                0 2.053e-06
260  82                0 2.010e-06
280  89                0 2.090e-06
300  96                0 2.184e-06
320 101                0 2.307e-06
340 110                0 2.484e-06
360 115                0 2.607e-06
380 120                0 2.628e-06
400 129                0 2.870e-06
420 134                0 6.215e-06
440 140                0 3.395e-06
460 147                0 3.283e-06
480 153                0 4.552e-06
500 158                0 3.153e-06
520 167                0 3.283e-06
540 171                0 3.311e-06
560 178                0 3.355e-06
580 184                0 3.424e-06
600 188                0 3.389e-06
620 194                0 3.597e-06
640 202                0 3.750e-06
660 206                0 3.751e-06
680 212                0 3.950e-06
700 220                0 4.112e-06
720 224                0 4.235e-06
740 233                0 4.177e-06
760 238                0 4.342e-06
780 241                0 4.363e-06
800 250                0 4.441e-06
820 256                0 7.732e-06
840 260                0 5.542e-06
860 269                0 5.263e-06
880 274                0 5.051e-06
900 279                0 4.947e-06
920 287                0 5.141e-06
940 292                0 5.201e-06
960 300                0 5.245e-06
980 306                0 5.406e-06
1000 310                0 5.485e-06
1020 317                0 5.618e-06
1040 325                0 5.557e-06
1060 329                0 5.648e-06
1080 336                0 5.866e-06
1100 344                0 5.916e-06
1120 348                0 5.983e-06
1140 357                0 6.052e-06
1160 361                0 6.145e-06
1180 365                0 6.218e-06
1200 374                0 6.364e-06
1220 379                0 6.488e-06
1240 383                0 6.535e-06
1260 392                0 6.655e-06
1280 397                0 6.709e-06
1300 403                0 6.864e-06
1320 411                0 6.950e-06
1340 416                0 7.017e-06
1360 424                0 7.172e-06
1380 431                0 7.383e-06
1400 435                0 7.416e-06
1420 442                0 7.608e-06
1440 449                0 7.738e-06
1460 453                0 7.714e-06
1480 461                0 7.944e-06
1500 468                0 7.962e-06
1520 473                0 8.013e-06
1540 480                0 8.279e-06
1560 487                0 8.311e-06
1580 492                0 8.421e-06
1600 501                0 8.535e-06
1620 505                0 8.579e-06
1640 509                0 8.674e-06
1660 519                0 8.742e-06
1680 523                0 8.734e-06
1700 529                0 8.934e-06
1720 537                0 9.001e-06
1740 542                0 9.069e-06
1760 549                0 9.259e-06
1780 556                0 9.434e-06
1800 560                0 9.393e-06
1820 568                0 9.678e-06
1840 575                0 9.691e-06
1860 579                0 9.686e-06
1880 586                0 9.924e-06
1900 593                0 9.975e-06
1920 597                0 1.008e-05
1940 604                0 1.015e-05
1960 612                0 1.021e-05
1980 617                0 1.043e-05
2000 626                0 1.055e-05
2020 630                0 1.058e-05
2040 635                0 1.066e-05
2060 644                0 1.084e-05
2080 649                0 1.099e-05
2100 655                0 1.104e-05
2120 664                0 1.134e-05
2140 669                0 1.136e-05
2160 675                0 1.137e-05
2180 682                0 1.163e-05
2200 687                0 1.161e-05
2220 697                0 1.185e-05
2240 702                0 1.192e-05
2260 707                0 1.195e-05
2280 714                0 1.205e-05
2300 721                0 1.214e-05
2320 725                0 1.219e-05
2340 733                0 1.233e-05
2360 740                0 1.241e-05
2380 744                0 1.251e-05
2400 754                0 1.260e-05
2420 758                0 1.266e-05
2440 764                0 1.288e-05
2460 772                0 1.301e-05
2480 776                0 1.316e-05
2500 781                0 1.307e-05
2520 789                0 1.322e-05
2540 793                0 1.335e-05
2560 799                0 1.346e-05
2580 807                0 1.366e-05
2600 812                0 1.374e-05
2620 821                0 1.377e-05
2640 827                0 1.402e-05
2660 831                0 1.412e-05
2680 839                0 1.422e-05
2700 846                0 1.438e-05
2720 849                0 1.433e-05
2740 858                0 1.458e-05
2760 864                0 1.458e-05
2780 869                0 1.491e-05
2800 877                0 1.496e-05
2820 883                0 1.505e-05
2840 890                0 1.510e-05
2860 897                0 1.526e-05
2880 902                0 1.528e-05
2900 907                0 1.542e-05
2920 916                0 1.570e-05
2940 921                0 1.569e-05
2960 927                0 1.591e-05
2980 936                0 1.600e-05
3000 940                0 1.615e-05
3020 949                0 1.636e-05
3040 954                0 1.635e-05
3060 958                0 1.649e-05
3080 967                0 1.660e-05
3100 973                0 1.677e-05
3120 976                0 1.680e-05
3140 985                0 1.689e-05
3160 991                0 1.694e-05
3180 997                0 1.712e-05
3200 1004                0 1.723e-05
3220 1011                0 1.730e-05
3240 1018                0 1.758e-05
3260 1026                0 1.781e-05
3280 1031                0 1.775e-05
3300 1035                0 1.803e-05
3320 1044                0 1.806e-05
3340 1048                0 1.798e-05
3360 1055                0 1.819e-05
3380 1062                0 1.840e-05
3400 1066                0 1.863e-05
3420 1073                0 1.879e-05
3440 1081                0 1.888e-05
3460 1085                0 1.885e-05
3480 1094                0 1.905e-05
3500 1099                0 1.925e-05
3520 1103                0 1.943e-05
3540 1112                0 1.951e-05
3560 1117                0 1.938e-05
3580 1122                0 1.963e-05
3600 1131                0 1.979e-05
3620 1136                0 1.979e-05
3640 1142                0 2.004e-05
3660 1151                0 2.015e-05
3680 1155                0 2.023e-05
3700 1162                0 2.053e-05
3720 1170                0 2.045e-05
3740 1174                0 2.067e-05
3760 1180                0 2.869e-05
3780 1188                0 2.093e-05
3800 1193                0 2.118e-05
3820 1199                0 2.126e-05
3840 1208                0 2.096e-05
3860 1212                0 2.264e-05
3880 1222                0 2.156e-05
3900 1227                0 2.153e-05
3920 1231                0 2.171e-05
3940 1239                0 1.905e-05
3960 1245                0 1.923e-05
3980 1249                0 1.924e-05
4000 1257                0 1.943e-05
4020 1262                0 1.950e-05
4040 1267                0 1.962e-05
4060 1275                0 1.980e-05
4080 1279                0 1.970e-05
4100 1287                0 2.003e-05
4120 1294                0 2.004e-05
4140 1298                0 2.023e-05
4160 1305                0 2.031e-05
4180 1313                0 2.035e-05
4200 1317                0 2.049e-05
4220 1324                0 2.052e-05
4240 1332                0 2.063e-05
4260 1336                0 2.072e-05
4280 1346                0 2.081e-05
4300 1351                0 2.094e-05
4320 1355                0 2.105e-05
4340 1364                0 2.108e-05
4360 1369                0 2.117e-05
4380 1373                0 2.142e-05
4400 1383                0 2.171e-05
4420 1388                0 2.165e-05
4440 1394                0 2.178e-05
4460 1402                0 2.185e-05
4480 1407                0 2.208e-05
4500 1415                0 2.221e-05
4520 1422                0 2.227e-05
4540 1426                0 2.240e-05
4560 1433                0 2.273e-05
4580 1441                0 2.270e-05
4600 1445                0 2.271e-05
4620 1452                0 2.292e-05
4640 1459                0 2.296e-05
4660 1463                0 2.315e-05
4680 1471                0 2.326e-05
4700 1479                0 2.339e-05
4720 1484                0 2.348e-05
4740 1492                0 2.368e-05
4760 1497                0 2.382e-05
4780 1501                0 2.369e-05
4800 1511                0 2.401e-05
4820 1516                0 2.394e-05
4840 1521                0 2.421e-05
4860 1530                0 2.437e-05
4880 1535                0 2.430e-05
4900 1541                0 2.447e-05
4920 1549                0 2.465e-05
4940 1553                0 2.453e-05
4960 1561                0 2.472e-05
4980 1567                0 2.503e-05
5000 1571                0 2.517e-05
5020 1579                0 2.542e-05
5040 1586                0 2.540e-05
5060 1590                0 2.553e-05
5080 1597                0 2.580e-05
5100 1603                0 2.564e-05
5120 1609                0 2.591e-05
5140 1618                0 2.612e-05
5160 1622                0 2.614e-05
5180 1626                0 2.623e-05
5200 1636                0 2.651e-05
5220 1640                0 2.620e-05
5240 1645                0 2.642e-05
5260 1654                0 2.648e-05
5280 1658                0 2.652e-05
5300 1663                0 2.673e-05
5320 1673                0 2.692e-05
5340 1677                0 2.690e-05
5360 1685                0 2.705e-05
5380 1690                0 2.709e-05
5400 1695                0 2.723e-05
5420 1703                0 2.729e-05
5440 1710                0 2.730e-05
5460 1715                0 2.738e-05
5480 1722                0 2.758e-05
5500 1729                0 2.762e-05
5520 1734                0 2.772e-05
5540 1743                0 2.780e-05
5560 1748                0 2.801e-05
5580 1753                0 2.801e-05
5600 1762                0 2.850e-05
5620 1766                0 2.863e-05
5640 1771                0 2.863e-05
5660 1780                0 2.895e-05
5680 1785                0 2.892e-05
5700 1791                0 2.905e-05
5720 1799                0 2.910e-05
5740 1804                0 2.918e-05
5760 1812                0 2.945e-05
5780 1819                0 2.943e-05
5800 1823                0 2.950e-05
5820 1830                0 2.963e-05
5840 1837                0 2.967e-05
5860 1840                0 2.972e-05
5880 1849                0 2.997e-05
5900 1855                0 2.994e-05
5920 1858                0 3.014e-05
5940 1866                0 3.018e-05
5960 1872                0 3.052e-05
5980 1878                0 3.068e-05
6000 1886                0 3.075e-05
6020 1891                0 3.072e-05
6040 1895                0 3.104e-05
6060 1905                0 3.097e-05
6080 1909                0 3.095e-05
6100 1915                0 3.116e-05
6120 1923                0 3.150e-05
6140 1927                0 3.145e-05
6160 1935                0 3.189e-05
6180 1942                0 3.184e-05
6200 1946                0 3.171e-05
6220 1955                0 3.216e-05
6240 1960                0 3.207e-05
6260 1964                0 3.237e-05
6280 1972                0 3.264e-05
6300 1978                0 3.255e-05
6320 1983                0 3.249e-05
6340 1991                0 3.273e-05
6360 1998                0 3.286e-05
6380 2003                0 3.297e-05
6400 2011                0 3.296e-05
6420 2015                0 3.305e-05
6440 2019                0 3.324e-05
6460 2028                0 3.336e-05
6480 2032                0 3.555e-05
6500 2038                0 4.099e-05
6520 2047                0 3.833e-05
6540 2051                0 3.872e-05
6560 2058                0 3.893e-05
6580 2067                0 4.276e-05
6600 2071                0 3.912e-05
6620 2079                0 3.940e-05
6640 2084                0 3.924e-05
6660 2089                0 3.961e-05
6680 2097                0 3.826e-05
6700 2103                0 3.483e-05
6720 2108                0 3.684e-05
6740 2115                0 3.990e-05
6760 2122                0 4.019e-05
6780 2127                0 4.055e-05
6800 2135                0 4.032e-05
6820 2140                0 4.052e-05
6840 2146                0 4.045e-05
6860 2153                0 4.058e-05
6880 2158                0 4.069e-05
6900 2163                0 4.099e-05
6920 2171                0 4.109e-05
6940 2175                0 4.117e-05
6960 2182                0 4.148e-05
6980 2190                0 4.168e-05
7000 2195                0 4.145e-05
7020 2203                0 4.322e-05
7040 2208                0 4.202e-05
7060 2212                0 4.204e-05
7080 2220                0 4.223e-05
7100 2226                0 4.242e-05
7120 2230                0 4.263e-05
7140 2239                0 4.260e-05
7160 2244                0 4.297e-05
7180 2248                0 4.312e-05
7200 2257                0 4.325e-05
7220 2262                0 4.341e-05
7240 2269                0 4.360e-05
7260 2277                0 4.373e-05
7280 2281                0 4.383e-05
7300 2288                0 4.420e-05
7320 2297                0 4.437e-05
7340 2301                0 4.415e-05
7360 2308                0 4.419e-05
7380 2315                0 4.453e-05
7400 2320                0 4.453e-05
7420 2329                0 4.482e-05
7440 2335                0 4.531e-05
7460 2339                0 4.521e-05
7480 2349                0 4.518e-05
7500 2354                0 4.550e-05
7520 2358                0 4.552e-05
7540 2368                0 4.560e-05
7560 2373                0 4.577e-05
7580 2378                0 4.587e-05
7600 2385                0 4.636e-05
7620 2391                0 4.637e-05
7640 2398                0 4.657e-05
7660 2405                0 4.636e-05
7680 2409                0 4.642e-05
7700 2414                0 4.653e-05
7720 2422                0 4.690e-05
7740 2426                0 4.725e-05
7760 2434                0 4.716e-05
7780 2441                0 4.726e-05
7800 2445                0 4.722e-05
7820 2453                0 4.933e-05
7840 2461                0 4.791e-05
7860 2466                0 4.770e-05
7880 2476                0 4.824e-05
7900 2480                0 2.223e-04
7920 2485                0 4.846e-05
7940 2493                0 5.306e-05
7960 2499                0 4.998e-05
7980 2504                0 5.222e-05
8000 2512                0 5.107e-05
