  1   1                2 6.233e-05
  2   2                3 2.753e-06
  3   3                4 2.299e-06
  4   3                3 2.928e-06
  5   4                5 2.682e-06
  6   4                5 2.467e-06
  7   5                5 2.877e-06
  8   5                5 2.967e-06
  9   5                4 3.241e-06
 10   6                6 2.996e-06
 11   6                6 4.446e-06
 12   6                6 2.041e-06
 13   7                6 2.098e-06
 14   7                6 1.930e-06
 15   7                6 2.053e-06
 16   7                5 2.265e-06
 17   8                7 2.054e-06
 18   8                7 1.999e-06
 19   8                7 2.107e-06
 20   8                7 2.327e-06
 21   9                7 8.403e-06
 22   9                7 1.039e-06
 23   9                7 1.020e-06
 24   9                7 1.046e-06
 25   9                6 1.020e-06
 26  10                8 1.070e-06
 27  10                8 1.040e-06
 28  10                8 9.990e-07
 29  11                9 1.198e-06
 30  11                9 1.054e-06
 31  11                6 9.790e-07
 32  12                6 9.850e-07
 33  12                6 9.100e-07
 34  12                6 1.001e-06
 35  13                6 9.370e-07
 36  13                6 8.510e-07
 37  13                6 9.750e-07
 38  14                6 9.180e-07
 39  14                6 9.520e-07
 40  14                6 9.850e-07
 41  15                6 9.380e-07
 42  15                6 1.019e-06
 43  15                6 9.810e-07
 44  16                6 9.810e-07
 45  16                6 9.520e-07
 46  16                6 9.550e-07
 47  17                6 9.230e-07
 48  17                6 9.840e-07
 49  17                6 9.410e-07
 50  17                5 1.003e-06
 55  19                8 3.349e-06
 60  22                9 1.316e-06
 65  24                7 1.142e-06
 70  25                7 1.020e-06
 75  26                6 1.082e-06
 80  27                7 1.155e-06
 85  28                8 1.237e-06
 90  29                8 1.209e-06
 95  31                9 1.518e-06
100  34               13 1.799e-06
110  38                9 1.713e-06
120  41                9 1.224e-06
130  43                9 1.279e-06
140  45               10 1.393e-06
150  47               10 1.498e-06
160  51               13 1.763e-06
170  56               10 1.170e-06
180  59                8 1.198e-06
190  61                7 1.161e-06
200  63                9 1.298e-06
220  70               14 2.159e-06
240  78               12 1.312e-06
260  82               11 1.466e-06
280  89               16 1.841e-06
300  96               11 1.375e-06
320 101               12 1.526e-06
340 110               19 4.054e-06
360 115               10 1.392e-06
380 120               13 1.630e-06
400 129               17 1.502e-06
420 134               10 3.617e-06
440 140               13 1.985e-06
460 147               13 1.516e-06
480 153               11 1.703e-06
500 158               13 1.987e-06
520 167               13 1.617e-06
540 171               10 1.581e-06
560 178               15 2.038e-06
580 184               11 1.659e-06
600 188               11 1.830e-06
620 194               14 1.983e-06
640 202               12 1.606e-06
660 206               11 1.831e-06
680 212               15 2.075e-06
700 220               15 1.968e-06
720 224               10 1.721e-06
740 233               17 2.136e-06
760 238               11 1.822e-06
780 241               11 1.857e-06
800 250               16 1.947e-06
820 256               10 8.399e-06
840 260               12 1.894e-06
860 269               16 1.929e-06
880 274               10 1.782e-06
900 279               13 2.091e-06
920 287               15 2.080e-06
940 292                9 1.810e-06
960 300               16 1.995e-06
980 306               10 1.721e-06
1000 310               11 7.149e-06
1020 317               13 1.954e-06
1040 325               12 1.944e-06
1060 329               11 2.042e-06
1080 336               16 2.281e-06
1100 344               12 1.850e-06
1120 348               11 2.181e-06
1140 357               18 2.263e-06
1160 361               10 1.846e-06
1180 365               11 2.139e-06
1200 374               18 2.507e-06
1220 379               10 1.913e-06
1240 383               12 2.112e-06
1260 392               18 2.253e-06
1280 397               10 1.923e-06
1300 403               14 2.475e-06
1320 411               14 2.212e-06
1340 416               11 1.934e-06
1360 424               16 3.890e-06
1380 431               11 2.156e-06
1400 435               11 2.258e-06
1420 442               15 2.367e-06
1440 449               12 2.239e-06
1460 453               11 2.137e-06
1480 461               17 2.497e-06
1500 468               11 2.173e-06
1520 473               11 2.294e-06
1540 480               17 2.738e-06
1560 487               13 2.432e-06
1580 492               12 2.452e-06
1600 501               13 2.355e-06
1620 505               10 2.272e-06
1640 509               12 2.448e-06
1660 519               18 2.575e-06
1680 523               10 2.283e-06
1700 529               13 2.665e-06
1720 537               14 2.456e-06
1740 542                9 2.282e-06
1760 549               15 2.680e-06
1780 556               12 2.392e-06
1800 560                9 2.110e-06
1820 568               15 2.720e-06
1840 575               11 2.456e-06
1860 579               11 2.462e-06
1880 586               15 2.974e-06
1900 593               11 2.484e-06
1920 597               10 2.509e-06
1940 604               16 2.946e-06
1960 612               12 2.524e-06
1980 617               12 2.633e-06
2000 626               13 2.509e-06
2020 630               10 6.276e-06
2040 635               13 2.689e-06
2060 644               18 2.810e-06
2080 649               10 2.553e-06
2100 655               14 2.869e-06
2120 664               13 2.779e-06
2140 669               10 2.550e-06
2160 675               14 2.741e-06
2180 682               13 2.877e-06
2200 687               10 2.644e-06
2220 697               18 2.982e-06
2240 702               10 2.724e-06
2260 707               12 2.933e-06
2280 714               15 3.023e-06
2300 721               11 2.758e-06
2320 725               11 2.807e-06
2340 733               13 2.855e-06
2360 740               12 2.795e-06
2380 744               11 2.254e-06
2400 754               20 4.999e-06
2420 758               10 2.823e-06
2440 764               13 3.247e-06
2460 772               12 2.911e-06
2480 776                9 2.895e-06
2500 781               12 3.203e-06
2520 789               18 2.891e-06
2540 793                9 2.674e-06
2560 799               13 3.148e-06
2580 807               15 3.256e-06
2600 812               10 3.020e-06
2620 821               17 3.348e-06
2640 827               10 3.043e-06
2660 831               12 3.369e-06
2680 839               16 3.339e-06
2700 846               12 3.118e-06
2720 849               10 3.164e-06
2740 858               18 3.640e-06
2760 864               11 3.236e-06
2780 869               12 3.335e-06
2800 877               14 3.356e-06
2820 883               10 3.189e-06
2840 890               14 3.463e-06
2860 897               12 3.218e-06
2880 902               11 3.316e-06
2900 907               12 3.574e-06
2920 916               18 3.528e-06
2940 921               10 3.152e-06
2960 927               14 3.735e-06
2980 936               14 3.465e-06
3000 940               10 3.332e-06
3020 949               17 3.698e-06
3040 954               10 5.344e-06
3060 958               10 3.417e-06
3080 967               18 3.721e-06
3100 973               10 3.309e-06
3120 976               11 3.509e-06
3140 985               17 3.837e-06
3160 991               11 3.427e-06
3180 997               13 3.572e-06
3200 1004               13 3.599e-06
3220 1011               11 3.428e-06
3240 1018               13 3.665e-06
3260 1026               12 3.442e-06
3280 1031               11 3.587e-06
3300 1035               12 3.863e-06
3320 1044               19 4.008e-06
3340 1048               10 3.532e-06
3360 1055               15 3.792e-06
3380 1062               12 3.594e-06
3400 1066               11 3.695e-06
3420 1073               14 5.423e-06
3440 1081               12 3.647e-06
3460 1085                9 3.682e-06
3480 1094               16 4.048e-06
3500 1099               11 3.803e-06
3520 1103               12 3.927e-06
3540 1112               16 4.040e-06
3560 1117               10 3.755e-06
3580 1122               12 3.897e-06
3600 1131               14 3.829e-06
3620 1136               10 3.769e-06
3640 1142               13 3.948e-06
3660 1151               13 3.809e-06
3680 1155               10 3.847e-06
3700 1162               14 4.128e-06
3720 1170               12 3.829e-06
3740 1174               11 3.918e-06
3760 1180               14 4.167e-06
3780 1188               12 3.870e-06
3800 1193               11 3.905e-06
3820 1199               14 4.021e-06
3840 1208               15 4.037e-06
3860 1212               10 3.869e-06
3880 1222               18 4.144e-06
3900 1227                9 3.835e-06
3920 1231               12 4.217e-06
3940 1239               16 4.171e-06
3960 1245               10 3.900e-06
3980 1249               12 4.100e-06
4000 1257               18 4.373e-06
4020 1262               10 4.001e-06
4040 1267               13 4.198e-06
4060 1275               13 4.103e-06
4080 1279               10 6.063e-06
4100 1287               15 4.368e-06
4120 1294               11 4.148e-06
4140 1298               11 4.229e-06
4160 1305               13 4.158e-06
4180 1313               12 4.063e-06
4200 1317               11 4.120e-06
4220 1324               16 4.296e-06
4240 1332               14 4.148e-06
4260 1336                9 4.071e-06
4280 1346               17 4.330e-06
4300 1351               10 4.088e-06
4320 1355               11 4.328e-06
4340 1364               18 4.598e-06
4360 1369               11 4.205e-06
4380 1373               12 4.240e-06
4400 1383               19 4.637e-06
4420 1388               10 4.151e-06
4440 1394               14 6.041e-06
4460 1402               14 4.366e-06
4480 1407               10 4.269e-06
4500 1415               15 4.565e-06
4520 1422               12 4.313e-06
4540 1426               11 4.448e-06
4560 1433               15 4.630e-06
4580 1441               13 4.352e-06
4600 1445               11 4.405e-06
4620 1452               16 4.670e-06
4640 1459               12 4.410e-06
4660 1463               11 4.495e-06
4680 1471               18 4.639e-06
4700 1479               13 4.477e-06
4720 1484               12 4.536e-06
4740 1492               12 4.452e-06
4760 1497               11 4.608e-06
4780 1501               12 4.723e-06
4800 1511               18 4.810e-06
4820 1516                9 4.445e-06
4840 1521               13 4.761e-06
4860 1530               16 4.730e-06
4880 1535               11 4.510e-06
4900 1541               14 4.765e-06
4920 1549               12 4.622e-06
4940 1553               11 4.638e-06
4960 1561               16 4.980e-06
4980 1567               11 4.650e-06
5000 1571               11 4.733e-06
5020 1579               16 5.001e-06
5040 1586               12 4.733e-06
5060 1590               11 4.763e-06
5080 1597               17 5.006e-06
5100 1603               11 6.552e-06
5120 1609               12 4.880e-06
5140 1618               13 4.728e-06
5160 1622               10 4.726e-06
5180 1626               12 4.949e-06
5200 1636               19 5.265e-06
5220 1640               10 4.776e-06
5240 1645               12 5.045e-06
5260 1654               18 5.066e-06
5280 1658               10 4.862e-06
5300 1663               13 5.167e-06
5320 1673               15 5.061e-06
5340 1677               10 4.809e-06
5360 1685               15 5.146e-06
5380 1690                9 4.765e-06
5400 1695               12 5.192e-06
5420 1703               15 5.004e-06
5440 1710               12 4.864e-06
5460 1715               12 6.323e-06
5480 1722               16 5.582e-06
5500 1729               12 4.991e-06
5520 1734               12 5.015e-06
5540 1743               19 5.324e-06
5560 1748               11 5.012e-06
5580 1753               13 5.244e-06
5600 1762               20 5.515e-06
5620 1766               10 5.021e-06
5640 1771               13 5.436e-06
5660 1780               13 5.093e-06
5680 1785               10 5.007e-06
5700 1791               14 5.235e-06
5720 1799               14 5.092e-06
5740 1804               10 5.089e-06
5760 1812               16 5.664e-06
5780 1819               11 5.057e-06
5800 1823               11 5.302e-06
5820 1830               16 5.512e-06
5840 1837               11 5.150e-06
5860 1840               10 5.277e-06
5880 1849               17 5.801e-06
5900 1855               10 5.190e-06
5920 1858               11 5.369e-06
5940 1866               17 5.851e-06
5960 1872               10 5.163e-06
5980 1878               12 5.414e-06
6000 1886               12 5.164e-06
6020 1891               11 5.211e-06
6040 1895               11 5.580e-06
6060 1905               19 5.744e-06
6080 1909               10 5.212e-06
6100 1915               13 5.829e-06
6120 1923               13 7.544e-06
6140 1927               10 5.574e-06
6160 1935               15 5.571e-06
6180 1942               12 5.299e-06
6200 1946               11 5.462e-06
6220 1955               18 6.275e-06
6240 1960               10 5.407e-06
6260 1964               10 5.405e-06
6280 1972               16 6.035e-06
6300 1978               10 5.466e-06
6320 1983               11 5.874e-06
6340 1991               14 5.993e-06
6360 1998               12 5.554e-06
6380 2003               12 5.702e-06
6400 2011               13 5.797e-06
6420 2015                9 5.816e-06
6440 2019               11 5.990e-06
6460 2028               18 6.300e-06
6480 2032               10 7.708e-06
6500 2038               14 6.080e-06
6520 2047               13 5.877e-06
6540 2051               10 5.789e-06
6560 2058               15 6.183e-06
6580 2067               14 5.674e-06
6600 2071               10 5.977e-06
6620 2079               16 6.216e-06
6640 2084               10 5.944e-06
6660 2089               13 6.114e-06
6680 2097               16 6.241e-06
6700 2103               11 5.673e-06
6720 2108               12 6.260e-06
6740 2115               13 6.076e-06
6760 2122               11 6.020e-06
6780 2127               12 6.290e-06
6800 2135               13 6.094e-06
6820 2140               11 6.162e-06
6840 2146               14 6.393e-06
6860 2153               12 5.765e-06
6880 2158               11 6.266e-06
6900 2163               13 6.356e-06
6920 2171               13 6.106e-06
6940 2175                9 6.004e-06
6960 2182               14 6.310e-06
6980 2190               14 6.246e-06
7000 2195               10 6.181e-06
7020 2203               16 6.384e-06
7040 2208                9 6.200e-06
7060 2212               12 6.293e-06
7080 2220               17 6.362e-06
7100 2226               10 6.250e-06
7120 2230               11 6.419e-06
7140 2239               17 6.496e-06
7160 2244               10 6.332e-06
7180 2248               12 6.420e-06
7200 2257               16 6.381e-06
7220 2262                9 6.249e-06
7240 2269               14 6.496e-06
7260 2277               12 6.220e-06
7280 2281               11 6.446e-06
7300 2288               13 6.414e-06
7320 2297               14 6.423e-06
7340 2301               10 6.372e-06
7360 2308               15 6.438e-06
7380 2315               13 6.499e-06
7400 2320               10 6.386e-06
7420 2329               17 6.602e-06
7440 2335               11 6.418e-06
7460 2339               11 6.469e-06
7480 2349               19 6.612e-06
7500 2354               11 6.557e-06
7520 2358               12 6.558e-06
7540 2368               19 6.691e-06
7560 2373               10 6.382e-06
7580 2378               13 6.550e-06
7600 2385               13 6.527e-06
7620 2391               11 6.338e-06
7640 2398               14 6.566e-06
7660 2405               12 6.377e-06
7680 2409               11 6.600e-06
7700 2414               13 6.796e-06
7720 2422               14 6.514e-06
7740 2426                9 6.449e-06
7760 2434               15 6.791e-06
7780 2441               12 6.482e-06
7800 2445               10 6.533e-06
7820 2453               16 6.832e-06
7840 2461               12 6.507e-06
7860 2466               11 6.652e-06
7880 2476               17 6.709e-06
7900 2480               10 6.556e-06
7920 2485               12 6.645e-06
7940 2493               16 6.659e-06
7960 2499               10 6.592e-06
7980 2504               13 6.780e-06
8000 2512               14 6.664e-06
