250 1
250 2
250 3
250 4
250 5
250 6
250 7
250 8
250 9
250 10
250 11
250 12
250 13
250 14
250 15
250 16
250 17
250 18
250 19
250 20
250 21
250 22
250 23
250 24
250 25
250 26
250 27
250 28
250 29
250 30
250 31
250 32
250 33
250 34
250 35
250 36
250 37
250 38
250 39
250 40
250 41
250 42
250 43
250 44
250 45
250 46
250 47
250 48
250 49
250 50
250 51
250 52
250 53
250 54
250 55
250 56
250 57
250 58
250 59
250 60
250 61
250 62
250 63
250 64
250 65
250 66
250 67
250 68
250 69
250 70
250 71
250 72
250 73
250 74
250 75
250 76
250 77
250 78
250 79
250 80
250 81
250 82
250 83
250 84
250 85
250 86
250 87
250 88
250 89
250 90
250 91
250 92
250 93
250 94
250 95
250 96
250 97
250 98
250 99
250 100
250 101
250 102
250 103
250 104
250 105
250 106
250 107
250 108
250 109
250 110
250 111
250 112
250 113
250 114
250 115
250 116
250 117
250 118
250 119
250 120
250 121
250 122
250 123
250 124
250 125
250 126
250 127
250 128
250 129
250 130
250 131
250 132
250 133
250 134
250 135
250 136
250 137
250 138
250 139
250 140
250 141
250 142
250 143
250 144
250 145
250 146
250 147
250 148
250 149
250 150
250 151
250 152
250 153
250 154
250 155
250 156
250 157
250 158
250 159
250 160
250 161
250 162
250 163
250 164
250 165
250 166
250 167
250 168
250 169
250 170
250 171
250 172
250 173
250 174
250 175
250 176
250 177
250 178
250 179
250 180
250 181
250 182
250 183
250 184
250 185
250 186
250 187
250 188
250 189
250 190
250 191
250 192
250 193
250 194
250 195
250 196
250 197
250 198
250 199
250 200
250 201
250 202
250 203
250 204
250 205
250 206
250 207
250 208
250 209
250 210
250 211
250 212
250 213
250 214
250 215
250 216
250 217
250 218
250 219
250 220
250 221
250 222
250 223
250 224
250 225
250 226
250 227
250 228
250 229
250 230
250 231
250 232
250 233
250 234
250 235
250 236
250 237
250 238
250 239
250 240
250 241
250 242
250 243
250 244
250 245
250 246
250 247
250 248
250 249
250 250
500 251
500 252
500 253
500 254
500 255
500 256
500 257
500 258
500 259
500 260
500 261
500 262
500 263
500 264
500 265
500 266
500 267
500 268
500 269
500 270
500 271
500 272
500 273
500 274
500 275
500 276
500 277
500 278
500 279
500 280
500 281
500 282
500 283
500 284
500 285
500 286
500 287
500 288
500 289
500 290
500 291
500 292
500 293
500 294
500 295
500 296
500 297
500 298
500 299
500 300
500 301
500 302
500 303
500 304
500 305
500 306
500 307
500 308
500 309
500 310
500 311
500 312
500 313
500 314
500 315
500 316
500 317
500 318
500 319
500 320
500 321
500 322
500 323
500 324
500 325
500 326
500 327
500 328
500 329
500 330
500 331
500 332
500 333
500 334
500 335
500 336
500 337
500 338
500 339
500 340
500 341
500 342
500 343
500 344
500 345
500 346
500 347
500 348
500 349
500 350
500 351
500 352
500 353
500 354
500 355
500 356
500 357
500 358
500 359
500 360
500 361
500 362
500 363
500 364
500 365
500 366
500 367
500 368
500 369
500 370
500 371
500 372
500 373
500 374
500 375
500 376
500 377
500 378
500 379
500 380
500 381
500 382
500 383
500 384
500 385
500 386
500 387
500 388
500 389
500 390
500 391
500 392
500 393
500 394
500 395
500 396
500 397
500 398
500 399
500 400
500 401
500 402
500 403
500 404
500 405
500 406
500 407
500 408
500 409
500 410
500 411
500 412
500 413
500 414
500 415
500 416
500 417
500 418
500 419
500 420
500 421
500 422
500 423
500 424
500 425
500 426
500 427
500 428
500 429
500 430
500 431
500 432
500 433
500 434
500 435
500 436
500 437
500 438
500 439
500 440
500 441
500 442
500 443
500 444
500 445
500 446
500 447
500 448
500 449
500 450
500 451
500 452
500 453
500 454
500 455
500 456
500 457
500 458
500 459
500 460
500 461
500 462
500 463
500 464
500 465
500 466
500 467
500 468
500 469
500 470
500 471
500 472
500 473
500 474
500 475
500 476
500 477
500 478
500 479
500 480
500 481
500 482
500 483
500 484
500 485
500 486
500 487
500 488
500 489
500 490
500 491
500 492
500 493
500 494
500 495
500 496
500 497
500 498
500 499
500 500
1000 501
1000 502
1000 503
1000 504
1000 505
1000 506
1000 507
1000 508
1000 509
1000 510
1000 511
1000 512
1000 513
1000 514
1000 515
1000 516
1000 517
1000 518
1000 519
1000 520
1000 521
1000 522
1000 523
1000 524
1000 525
1000 526
1000 527
1000 528
1000 529
1000 530
1000 531
1000 532
1000 533
1000 534
1000 535
1000 536
1000 537
1000 538
1000 539
1000 540
1000 541
1000 542
1000 543
1000 544
1000 545
1000 546
1000 547
1000 548
1000 549
1000 550
1000 551
1000 552
1000 553
1000 554
1000 555
1000 556
1000 557
1000 558
1000 559
1000 560
1000 561
1000 562
1000 563
1000 564
1000 565
1000 566
1000 567
1000 568
1000 569
1000 570
1000 571
1000 572
1000 573
1000 574
1000 575
1000 576
1000 577
1000 578
1000 579
1000 580
1000 581
1000 582
1000 583
1000 584
1000 585
1000 586
1000 587
1000 588
1000 589
1000 590
1000 591
1000 592
1000 593
1000 594
1000 595
1000 596
1000 597
1000 598
1000 599
1000 600
1000 601
1000 602
1000 603
1000 604
1000 605
1000 606
1000 607
1000 608
1000 609
1000 610
1000 611
1000 612
1000 613
1000 614
1000 615
1000 616
1000 617
1000 618
1000 619
1000 620
1000 621
1000 622
1000 623
1000 624
1000 625
1000 626
1000 627
1000 628
1000 629
1000 630
1000 631
1000 632
1000 633
1000 634
1000 635
1000 636
1000 637
1000 638
1000 639
1000 640
1000 641
1000 642
1000 643
1000 644
1000 645
1000 646
1000 647
1000 648
1000 649
1000 650
1000 651
1000 652
1000 653
1000 654
1000 655
1000 656
1000 657
1000 658
1000 659
1000 660
1000 661
1000 662
1000 663
1000 664
1000 665
1000 666
1000 667
1000 668
1000 669
1000 670
1000 671
1000 672
1000 673
1000 674
1000 675
1000 676
1000 677
1000 678
1000 679
1000 680
1000 681
1000 682
1000 683
1000 684
1000 685
1000 686
1000 687
1000 688
1000 689
1000 690
1000 691
1000 692
1000 693
1000 694
1000 695
1000 696
1000 697
1000 698
1000 699
1000 700
1000 701
1000 702
1000 703
1000 704
1000 705
1000 706
1000 707
1000 708
1000 709
1000 710
1000 711
1000 712
1000 713
1000 714
1000 715
1000 716
1000 717
1000 718
1000 719
1000 720
1000 721
1000 722
1000 723
1000 724
1000 725
1000 726
1000 727
1000 728
1000 729
1000 730
1000 731
1000 732
1000 733
1000 734
1000 735
1000 736
1000 737
1000 738
1000 739
1000 740
1000 741
1000 742
1000 743
1000 744
1000 745
1000 746
1000 747
1000 748
1000 749
1000 750
1000 751
1000 752
1000 753
1000 754
1000 755
1000 756
1000 757
1000 758
1000 759
1000 760
1000 761
1000 762
1000 763
1000 764
1000 765
1000 766
1000 767
1000 768
1000 769
1000 770
1000 771
1000 772
1000 773
1000 774
1000 775
1000 776
1000 777
1000 778
1000 779
1000 780
1000 781
1000 782
1000 783
1000 784
1000 785
1000 786
1000 787
1000 788
1000 789
1000 790
1000 791
1000 792
1000 793
1000 794
1000 795
1000 796
1000 797
1000 798
1000 799
1000 800
1000 801
1000 802
1000 803
1000 804
1000 805
1000 806
1000 807
1000 808
1000 809
1000 810
1000 811
1000 812
1000 813
1000 814
1000 815
1000 816
1000 817
1000 818
1000 819
1000 820
1000 821
1000 822
1000 823
1000 824
1000 825
1000 826
1000 827
1000 828
1000 829
1000 830
1000 831
1000 832
1000 833
1000 834
1000 835
1000 836
1000 837
1000 838
1000 839
1000 840
1000 841
1000 842
1000 843
1000 844
1000 845
1000 846
1000 847
1000 848
1000 849
1000 850
1000 851
1000 852
1000 853
1000 854
1000 855
1000 856
1000 857
1000 858
1000 859
1000 860
1000 861
1000 862
1000 863
1000 864
1000 865
1000 866
1000 867
1000 868
1000 869
1000 870
1000 871
1000 872
1000 873
1000 874
1000 875
1000 876
1000 877
1000 878
1000 879
1000 880
1000 881
1000 882
1000 883
1000 884
1000 885
1000 886
1000 887
1000 888
1000 889
1000 890
1000 891
1000 892
1000 893
1000 894
1000 895
1000 896
1000 897
1000 898
1000 899
1000 900
1000 901
1000 902
1000 903
1000 904
1000 905
1000 906
1000 907
1000 908
1000 909
1000 910
1000 911
1000 912
1000 913
1000 914
1000 915
1000 916
1000 917
1000 918
1000 919
1000 920
1000 921
1000 922
1000 923
1000 924
1000 925
1000 926
1000 927
1000 928
1000 929
1000 930
1000 931
1000 932
1000 933
1000 934
1000 935
1000 936
1000 937
1000 938
1000 939
1000 940
1000 941
1000 942
1000 943
1000 944
1000 945
1000 946
1000 947
1000 948
1000 949
1000 950
1000 951
1000 952
1000 953
1000 954
1000 955
1000 956
1000 957
1000 958
1000 959
1000 960
1000 961
1000 962
1000 963
1000 964
1000 965
1000 966
1000 967
1000 968
1000 969
1000 970
1000 971
1000 972
1000 973
1000 974
1000 975
1000 976
1000 977
1000 978
1000 979
1000 980
1000 981
1000 982
1000 983
1000 984
1000 985
1000 986
1000 987
1000 988
1000 989
1000 990
1000 991
1000 992
1000 993
1000 994
1000 995
1000 996
1000 997
1000 998
1000 999
1000 1000
2000 1001
2000 1002
2000 1003
2000 1004
2000 1005
2000 1006
2000 1007
2000 1008
2000 1009
2000 1010
2000 1011
2000 1012
2000 1013
2000 1014
2000 1015
2000 1016
2000 1017
2000 1018
2000 1019
2000 1020
2000 1021
2000 1022
2000 1023
2000 1024
2000 1025
2000 1026
2000 1027
2000 1028
2000 1029
2000 1030
2000 1031
2000 1032
2000 1033
2000 1034
2000 1035
2000 1036
2000 1037
2000 1038
2000 1039
2000 1040
2000 1041
2000 1042
2000 1043
2000 1044
2000 1045
2000 1046
2000 1047
2000 1048
2000 1049
2000 1050
2000 1051
2000 1052
2000 1053
2000 1054
2000 1055
2000 1056
2000 1057
2000 1058
2000 1059
2000 1060
2000 1061
2000 1062
2000 1063
2000 1064
2000 1065
2000 1066
2000 1067
2000 1068
2000 1069
2000 1070
2000 1071
2000 1072
2000 1073
2000 1074
2000 1075
2000 1076
2000 1077
2000 1078
2000 1079
2000 1080
2000 1081
2000 1082
2000 1083
2000 1084
2000 1085
2000 1086
2000 1087
2000 1088
2000 1089
2000 1090
2000 1091
2000 1092
2000 1093
2000 1094
2000 1095
2000 1096
2000 1097
2000 1098
2000 1099
2000 1100
2000 1101
2000 1102
2000 1103
2000 1104
2000 1105
2000 1106
2000 1107
2000 1108
2000 1109
2000 1110
2000 1111
2000 1112
2000 1113
2000 1114
2000 1115
2000 1116
2000 1117
2000 1118
2000 1119
2000 1120
2000 1121
2000 1122
2000 1123
2000 1124
2000 1125
2000 1126
2000 1127
2000 1128
2000 1129
2000 1130
2000 1131
2000 1132
2000 1133
2000 1134
2000 1135
2000 1136
2000 1137
2000 1138
2000 1139
2000 1140
2000 1141
2000 1142
2000 1143
2000 1144
2000 1145
2000 1146
2000 1147
2000 1148
2000 1149
2000 1150
2000 1151
2000 1152
2000 1153
2000 1154
2000 1155
2000 1156
2000 1157
2000 1158
2000 1159
2000 1160
2000 1161
2000 1162
2000 1163
2000 1164
2000 1165
2000 1166
2000 1167
2000 1168
2000 1169
2000 1170
2000 1171
2000 1172
2000 1173
2000 1174
2000 1175
2000 1176
2000 1177
2000 1178
2000 1179
2000 1180
2000 1181
2000 1182
2000 1183
2000 1184
2000 1185
2000 1186
2000 1187
2000 1188
2000 1189
2000 1190
2000 1191
2000 1192
2000 1193
2000 1194
2000 1195
2000 1196
2000 1197
2000 1198
2000 1199
2000 1200
2000 1201
2000 1202
2000 1203
2000 1204
2000 1205
2000 1206
2000 1207
2000 1208
2000 1209
2000 1210
2000 1211
2000 1212
2000 1213
2000 1214
2000 1215
2000 1216
2000 1217
2000 1218
2000 1219
2000 1220
2000 1221
2000 1222
2000 1223
2000 1224
2000 1225
2000 1226
2000 1227
2000 1228
2000 1229
2000 1230
2000 1231
2000 1232
2000 1233
2000 1234
2000 1235
2000 1236
2000 1237
2000 1238
2000 1239
2000 1240
2000 1241
2000 1242
2000 1243
2000 1244
2000 1245
2000 1246
2000 1247
2000 1248
2000 1249
2000 1250
2000 1251
2000 1252
2000 1253
2000 1254
2000 1255
2000 1256
2000 1257
2000 1258
2000 1259
2000 1260
2000 1261
2000 1262
2000 1263
2000 1264
2000 1265
2000 1266
2000 1267
2000 1268
2000 1269
2000 1270
2000 1271
2000 1272
2000 1273
2000 1274
2000 1275
2000 1276
2000 1277
2000 1278
2000 1279
2000 1280
2000 1281
2000 1282
2000 1283
2000 1284
2000 1285
2000 1286
2000 1287
2000 1288
2000 1289
2000 1290
2000 1291
2000 1292
2000 1293
2000 1294
2000 1295
2000 1296
2000 1297
2000 1298
2000 1299
2000 1300
2000 1301
2000 1302
2000 1303
2000 1304
2000 1305
2000 1306
2000 1307
2000 1308
2000 1309
2000 1310
2000 1311
2000 1312
2000 1313
2000 1314
2000 1315
2000 1316
2000 1317
2000 1318
2000 1319
2000 1320
2000 1321
2000 1322
2000 1323
2000 1324
2000 1325
2000 1326
2000 1327
2000 1328
2000 1329
2000 1330
2000 1331
2000 1332
2000 1333
2000 1334
2000 1335
2000 1336
2000 1337
2000 1338
2000 1339
2000 1340
2000 1341
2000 1342
2000 1343
2000 1344
2000 1345
2000 1346
2000 1347
2000 1348
2000 1349
2000 1350
2000 1351
2000 1352
2000 1353
2000 1354
2000 1355
2000 1356
2000 1357
2000 1358
2000 1359
2000 1360
2000 1361
2000 1362
2000 1363
2000 1364
2000 1365
2000 1366
2000 1367
2000 1368
2000 1369
2000 1370
2000 1371
2000 1372
2000 1373
2000 1374
2000 1375
2000 1376
2000 1377
2000 1378
2000 1379
2000 1380
2000 1381
2000 1382
2000 1383
2000 1384
2000 1385
2000 1386
2000 1387
2000 1388
2000 1389
2000 1390
2000 1391
2000 1392
2000 1393
2000 1394
2000 1395
2000 1396
2000 1397
2000 1398
2000 1399
2000 1400
2000 1401
2000 1402
2000 1403
2000 1404
2000 1405
2000 1406
2000 1407
2000 1408
2000 1409
2000 1410
2000 1411
2000 1412
2000 1413
2000 1414
2000 1415
2000 1416
2000 1417
2000 1418
2000 1419
2000 1420
2000 1421
2000 1422
2000 1423
2000 1424
2000 1425
2000 1426
2000 1427
2000 1428
2000 1429
2000 1430
2000 1431
2000 1432
2000 1433
2000 1434
2000 1435
2000 1436
2000 1437
2000 1438
2000 1439
2000 1440
2000 1441
2000 1442
2000 1443
2000 1444
2000 1445
2000 1446
2000 1447
2000 1448
2000 1449
2000 1450
2000 1451
2000 1452
2000 1453
2000 1454
2000 1455
2000 1456
2000 1457
2000 1458
2000 1459
2000 1460
2000 1461
2000 1462
2000 1463
2000 1464
2000 1465
2000 1466
2000 1467
2000 1468
2000 1469
2000 1470
2000 1471
2000 1472
2000 1473
2000 1474
2000 1475
2000 1476
2000 1477
2000 1478
2000 1479
2000 1480
2000 1481
2000 1482
2000 1483
2000 1484
2000 1485
2000 1486
2000 1487
2000 1488
2000 1489
2000 1490
2000 1491
2000 1492
2000 1493
2000 1494
2000 1495
2000 1496
2000 1497
2000 1498
2000 1499
2000 1500
2000 1501
2000 1502
2000 1503
2000 1504
2000 1505
2000 1506
2000 1507
2000 1508
2000 1509
2000 1510
2000 1511
2000 1512
2000 1513
2000 1514
2000 1515
2000 1516
2000 1517
2000 1518
2000 1519
2000 1520
2000 1521
2000 1522
2000 1523
2000 1524
2000 1525
2000 1526
2000 1527
2000 1528
2000 1529
2000 1530
2000 1531
2000 1532
2000 1533
2000 1534
2000 1535
2000 1536
2000 1537
2000 1538
2000 1539
2000 1540
2000 1541
2000 1542
2000 1543
2000 1544
2000 1545
2000 1546
2000 1547
2000 1548
2000 1549
2000 1550
2000 1551
2000 1552
2000 1553
2000 1554
2000 1555
2000 1556
2000 1557
2000 1558
2000 1559
2000 1560
2000 1561
2000 1562
2000 1563
2000 1564
2000 1565
2000 1566
2000 1567
2000 1568
2000 1569
2000 1570
2000 1571
2000 1572
2000 1573
2000 1574
2000 1575
2000 1576
2000 1577
2000 1578
2000 1579
2000 1580
2000 1581
2000 1582
2000 1583
2000 1584
2000 1585
2000 1586
2000 1587
2000 1588
2000 1589
2000 1590
2000 1591
2000 1592
2000 1593
2000 1594
2000 1595
2000 1596
2000 1597
2000 1598
2000 1599
2000 1600
2000 1601
2000 1602
2000 1603
2000 1604
2000 1605
2000 1606
2000 1607
2000 1608
2000 1609
2000 1610
2000 1611
2000 1612
2000 1613
2000 1614
2000 1615
2000 1616
2000 1617
2000 1618
2000 1619
2000 1620
2000 1621
2000 1622
2000 1623
2000 1624
2000 1625
2000 1626
2000 1627
2000 1628
2000 1629
2000 1630
2000 1631
2000 1632
2000 1633
2000 1634
2000 1635
2000 1636
2000 1637
2000 1638
2000 1639
2000 1640
2000 1641
2000 1642
2000 1643
2000 1644
2000 1645
2000 1646
2000 1647
2000 1648
2000 1649
2000 1650
2000 1651
2000 1652
2000 1653
2000 1654
2000 1655
2000 1656
2000 1657
2000 1658
2000 1659
2000 1660
2000 1661
2000 1662
2000 1663
2000 1664
2000 1665
2000 1666
2000 1667
2000 1668
2000 1669
2000 1670
2000 1671
2000 1672
2000 1673
2000 1674
2000 1675
2000 1676
2000 1677
2000 1678
2000 1679
2000 1680
2000 1681
2000 1682
2000 1683
2000 1684
2000 1685
2000 1686
2000 1687
2000 1688
2000 1689
2000 1690
2000 1691
2000 1692
2000 1693
2000 1694
2000 1695
2000 1696
2000 1697
2000 1698
2000 1699
2000 1700
2000 1701
2000 1702
2000 1703
2000 1704
2000 1705
2000 1706
2000 1707
2000 1708
2000 1709
2000 1710
2000 1711
2000 1712
2000 1713
2000 1714
2000 1715
2000 1716
2000 1717
2000 1718
2000 1719
2000 1720
2000 1721
2000 1722
2000 1723
2000 1724
2000 1725
2000 1726
2000 1727
2000 1728
2000 1729
2000 1730
2000 1731
2000 1732
2000 1733
2000 1734
2000 1735
2000 1736
2000 1737
2000 1738
2000 1739
2000 1740
2000 1741
2000 1742
2000 1743
2000 1744
2000 1745
2000 1746
2000 1747
2000 1748
2000 1749
2000 1750
2000 1751
2000 1752
2000 1753
2000 1754
2000 1755
2000 1756
2000 1757
2000 1758
2000 1759
2000 1760
2000 1761
2000 1762
2000 1763
2000 1764
2000 1765
2000 1766
2000 1767
2000 1768
2000 1769
2000 1770
2000 1771
2000 1772
2000 1773
2000 1774
2000 1775
2000 1776
2000 1777
2000 1778
2000 1779
2000 1780
2000 1781
2000 1782
2000 1783
2000 1784
2000 1785
2000 1786
2000 1787
2000 1788
2000 1789
2000 1790
2000 1791
2000 1792
2000 1793
2000 1794
2000 1795
2000 1796
2000 1797
2000 1798
2000 1799
2000 1800
2000 1801
2000 1802
2000 1803
2000 1804
2000 1805
2000 1806
2000 1807
2000 1808
2000 1809
2000 1810
2000 1811
2000 1812
2000 1813
2000 1814
2000 1815
2000 1816
2000 1817
2000 1818
2000 1819
2000 1820
2000 1821
2000 1822
2000 1823
2000 1824
2000 1825
2000 1826
2000 1827
2000 1828
2000 1829
2000 1830
2000 1831
2000 1832
2000 1833
2000 1834
2000 1835
2000 1836
2000 1837
2000 1838
2000 1839
2000 1840
2000 1841
2000 1842
2000 1843
2000 1844
2000 1845
2000 1846
2000 1847
2000 1848
2000 1849
2000 1850
2000 1851
2000 1852
2000 1853
2000 1854
2000 1855
2000 1856
2000 1857
2000 1858
2000 1859
2000 1860
2000 1861
2000 1862
2000 1863
2000 1864
2000 1865
2000 1866
2000 1867
2000 1868
2000 1869
2000 1870
2000 1871
2000 1872
2000 1873
2000 1874
2000 1875
2000 1876
2000 1877
2000 1878
2000 1879
2000 1880
2000 1881
2000 1882
2000 1883
2000 1884
2000 1885
2000 1886
2000 1887
2000 1888
2000 1889
2000 1890
2000 1891
2000 1892
2000 1893
2000 1894
2000 1895
2000 1896
2000 1897
2000 1898
2000 1899
2000 1900
2000 1901
2000 1902
2000 1903
2000 1904
2000 1905
2000 1906
2000 1907
2000 1908
2000 1909
2000 1910
2000 1911
2000 1912
2000 1913
2000 1914
2000 1915
2000 1916
2000 1917
2000 1918
2000 1919
2000 1920
2000 1921
2000 1922
2000 1923
2000 1924
2000 1925
2000 1926
2000 1927
2000 1928
2000 1929
2000 1930
2000 1931
2000 1932
2000 1933
2000 1934
2000 1935
2000 1936
2000 1937
2000 1938
2000 1939
2000 1940
2000 1941
2000 1942
2000 1943
2000 1944
2000 1945
2000 1946
2000 1947
2000 1948
2000 1949
2000 1950
2000 1951
2000 1952
2000 1953
2000 1954
2000 1955
2000 1956
2000 1957
2000 1958
2000 1959
2000 1960
2000 1961
2000 1962
2000 1963
2000 1964
2000 1965
2000 1966
2000 1967
2000 1968
2000 1969
2000 1970
2000 1971
2000 1972
2000 1973
2000 1974
2000 1975
2000 1976
2000 1977
2000 1978
2000 1979
2000 1980
2000 1981
2000 1982
2000 1983
2000 1984
2000 1985
2000 1986
2000 1987
2000 1988
2000 1989
2000 1990
2000 1991
2000 1992
2000 1993
2000 1994
2000 1995
2000 1996
2000 1997
2000 1998
2000 1999
2000 2000
4000 2001
4000 2002
4000 2003
4000 2004
4000 2005
4000 2006
4000 2007
4000 2008
4000 2009
4000 2010
4000 2011
4000 2012
4000 2013
4000 2014
4000 2015
4000 2016
4000 2017
4000 2018
4000 2019
4000 2020
4000 2021
4000 2022
4000 2023
4000 2024
4000 2025
4000 2026
4000 2027
4000 2028
4000 2029
4000 2030
4000 2031
4000 2032
4000 2033
4000 2034
4000 2035
4000 2036
4000 2037
4000 2038
4000 2039
4000 2040
4000 2041
4000 2042
4000 2043
4000 2044
4000 2045
4000 2046
4000 2047
4000 2048
4000 2049
4000 2050
4000 2051
4000 2052
4000 2053
4000 2054
4000 2055
4000 2056
4000 2057
4000 2058
4000 2059
4000 2060
4000 2061
4000 2062
4000 2063
4000 2064
4000 2065
4000 2066
4000 2067
4000 2068
4000 2069
4000 2070
4000 2071
4000 2072
4000 2073
4000 2074
4000 2075
4000 2076
4000 2077
4000 2078
4000 2079
4000 2080
4000 2081
4000 2082
4000 2083
4000 2084
4000 2085
4000 2086
4000 2087
4000 2088
4000 2089
4000 2090
4000 2091
4000 2092
4000 2093
4000 2094
4000 2095
4000 2096
4000 2097
4000 2098
4000 2099
4000 2100
4000 2101
4000 2102
4000 2103
4000 2104
4000 2105
4000 2106
4000 2107
4000 2108
4000 2109
4000 2110
4000 2111
4000 2112
4000 2113
4000 2114
4000 2115
4000 2116
4000 2117
4000 2118
4000 2119
4000 2120
4000 2121
4000 2122
4000 2123
4000 2124
4000 2125
4000 2126
4000 2127
4000 2128
4000 2129
4000 2130
4000 2131
4000 2132
4000 2133
4000 2134
4000 2135
4000 2136
4000 2137
4000 2138
4000 2139
4000 2140
4000 2141
4000 2142
4000 2143
4000 2144
4000 2145
4000 2146
4000 2147
4000 2148
4000 2149
