0 0
1 4
2 1
3 2
4 3
5 2
6 2
7 1
8 0
9 1
10 2
11 0
12 1
13 2
14 0
15 5
16 2
17 0
18 2
19 2
20 1
21 1
22 1
23 0
24 0
25 0
26 0
27 0
28 0
29 0
30 0
31 0
32 0
33 2
34 5
35 1
36 3
37 0
38 2
39 1
40 1
41 0
42 0
43 0
44 1
45 2
46 1
47 1
48 2
49 0
50 0
51 3
52 2
53 0
54 1
55 0
56 0
57 0
58 1
59 0
60 0
61 0
62 0
63 0
64 0
65 1
66 0
67 0
68 0
69 0
70 0
71 0
72 0
73 0
74 0
75 0
76 0
77 0
78 0
79 1
80 0
81 0
82 0
83 0
84 0
85 1
86 0
87 0
88 0
89 0
90 0
91 0
92 0
93 0
94 0
95 0
96 0
97 0
98 1
99 1
100 0
101 0
102 2
103 1
104 0
105 0
106 0
107 0
108 1
109 2
110 0
111 0
112 1
113 0
114 1
115 1
116 2
117 1
118 1
119 0
120 0
121 0
122 0
123 0
124 0
125 0
126 0
127 0
128 1
129 0
130 0
131 1
132 0
133 0
134 0
135 0
136 0
137 0
138 1
139 0
140 1
141 0
142 0
143 1
144 0
145 0
146 1
147 1
148 0
149 0
150 0
151 0
152 0
153 0
154 0
155 0
156 0
157 0
158 0
159 1
160 0
161 0
162 0
163 1
164 1
165 0
166 1
167 1
168 1
169 0
170 0
171 0
172 0
173 1
174 0
175 0
176 2
177 0
178 2
179 2
180 1
181 0
182 0
183 0
184 0
185 0
186 0
187 0
188 0
189 0
190 0
191 0
192 0
193 0
194 0
195 3
196 1
197 2
198 2
199 1
200 1
201 0
202 0
203 0
204 1
205 0
206 1
207 1
208 2
209 0
210 4
211 2
212 1
213 0
214 0
215 0
216 0
217 0
218 0
219 0
220 0
221 0
222 0
223 0
224 0
225 3
226 1
227 2
228 3
229 0
230 1
231 3
232 0
233 0
234 0
235 0
236 1
237 2
238 0
239 1
240 4
241 1
242 3
243 2
244 5
245 0
246 2
247 0
248 0
249 0
250 0
251 0
252 0
253 0
254 0
255 0
256 0
257 1
258 0
259 1
260 0
261 0
262 0
263 0
264 0
265 0
266 0
267 0
268 0
269 0
270 0
271 1
272 1
273 0
274 0
275 0
276 0
277 2
278 0
279 0
280 0
281 0
282 0
283 0
284 0
285 0
286 0
287 0
288 0
289 3
290 0
291 0
292 1
293 0
294 1
295 0
296 1
297 1
298 0
299 0
300 1
301 2
302 0
303 2
304 2
305 0
306 1
307 0
308 2
309 0
310 0
311 0
312 0
313 0
314 0
315 0
316 0
317 0
318 0
319 0
320 0
321 1
322 1
323 1
324 1
325 1
326 2
327 2
328 1
329 2
330 0
331 0
332 1
333 1
334 2
335 0
336 1
337 0
338 2
339 1
340 0
341 0
342 0
343 0
344 0
345 0
346 0
347 0
348 0
349 1
350 0
351 0
352 0
353 2
354 0
355 1
356 0
357 0
358 0
359 1
360 0
361 0
362 0
363 1
364 0
365 0
366 0
367 0
368 0
369 0
370 1
371 0
372 0
373 1
374 1
375 0
376 0
377 0
378 0
379 0
380 0
381 0
382 0
383 0
384 0
385 0
386 2
387 2
388 1
389 0
390 3
391 1
392 0
393 0
394 0
395 0
396 3
397 2
398 2
399 0
400 2
401 0
402 2
403 0
404 1
405 0
406 1
407 0
408 0
409 0
410 0
411 0
412 0
413 0
414 0
415 0
416 0
417 0
418 1
419 2
420 1
421 0
422 0
423 1
424 1
425 0
426 1
427 0
428 0
429 2
430 0
431 0
432 2
433 1
434 1
435 1
436 0
437 1
438 3
439 0
440 0
441 0
442 0
443 0
444 0
445 0
446 0
447 0
448 0
449 1
450 2
451 0
452 0
453 0
454 0
455 1
456 1
457 1
458 0
459 0
460 0
461 0
462 2
463 1
464 1
465 0
466 1
467 1
468 0
469 0
470 0
471 0
472 0
473 0
474 0
475 0
476 0
477 1
478 0
479 0
480 0
481 1
482 0
483 1
484 1
485 0
486 0
487 1
488 1
489 0
490 0
491 1
492 1
493 1
494 0
495 0
496 3
497 0
498 0
499 2
500 0
501 1
502 0
503 0
504 0
505 0
506 0
507 0
508 0
509 1
510 0
511 1
512 0
513 0
514 3
515 2
516 2
517 0
518 2
519 3
520 0
521 0
522 0
523 0
524 3
525 2
526 1
527 0
528 2
529 1
530 2
531 1
532 3
533 0
534 2
535 0
536 0
537 0
538 0
539 0
540 0
541 0
542 0
543 0
544 0
545 4
546 0
547 0
548 0
549 0
550 1
551 0
552 0
553 0
554 2
555 0
556 2
557 1
558 0
559 2
560 0
561 0
562 2
563 0
564 1
565 2
566 2
567 0
568 0
569 1
570 0
571 0
572 0
573 0
574 0
575 0
576 0
577 2
578 0
579 0
580 0
581 0
582 1
583 0
584 0
585 1
586 1
587 0
588 2
589 0
590 0
591 0
592 0
593 0
594 1
595 0
596 0
597 0
598 0
599 1
600 0
601 0
602 0
603 1
604 0
605 0
606 0
607 1
608 0
609 2
610 0
611 1
612 0
613 0
614 1
615 2
616 0
617 1
618 0
619 0
620 0
621 0
622 0
623 1
624 1
625 0
626 1
627 0
628 0
629 1
630 0
631 0
632 0
633 0
634 0
635 0
636 0
637 0
638 0
639 0
640 0
641 2
642 0
643 1
644 0
645 1
646 1
647 1
648 1
649 1
650 2
651 0
652 0
653 1
654 0
655 0
656 0
657 0
658 1
659 0
660 0
661 2
662 0
663 0
664 0
665 0
666 0
667 0
668 0
669 0
670 0
671 1
672 0
673 2
674 2
675 1
676 1
677 0
678 1
679 0
680 0
681 0
682 1
683 0
684 0
685 0
686 1
687 1
688 0
689 0
690 0
691 1
692 1
693 0
694 1
695 0
696 0
697 1
698 1
699 0
700 0
701 0
702 0
703 0
704 0
705 2
706 2
707 0
708 1
709 0
710 0
711 0
712 0
713 0
714 0
715 0
716 0
717 0
718 0
719 1
720 0
721 0
722 0
723 1
724 1
725 2
726 0
727 1
728 0
729 0
730 0
731 0
732 0
733 0
734 0
735 0
736 0
737 2
738 3
739 3
740 2
741 0
742 2
743 3
744 0
745 0
746 0
747 0
748 1
749 3
750 1
751 1
752 3
753 0
754 1
755 3
756 3
757 0
758 1
759 0
760 0
761 0
762 1
763 0
764 0
765 0
766 0
767 0
768 0
769 2
770 0
771 0
772 0
773 0
774 0
775 0
776 0
777 2
778 0
779 0
780 0
781 0
782 0
783 2
784 0
785 0
786 0
787 0
788 0
789 1
790 0
791 1
792 0
793 0
794 0
795 0
796 0
797 0
798 0
799 0
800 0
801 3
802 0
803 2
804 1
805 0
806 0
807 0
808 0
809 2
810 0
811 1
812 0
813 0
814 1
815 2
816 1
817 0
818 0
819 3
820 2
821 0
822 0
823 1
824 0
825 0
826 0
827 0
828 0
829 0
830 0
831 0
832 0
833 1
834 1
835 3
836 1
837 1
838 2
839 0
840 0
841 1
842 1
843 0
844 3
845 2
846 0
847 2
848 0
849 0
850 1
851 3
852 1
853 1
854 1
855 0
856 2
857 0
858 0
859 0
860 1
861 0
862 0
863 0
864 0
865 1
866 3
867 1
868 1
869 0
870 0
871 1
872 0
873 0
874 1
875 0
876 2
877 1
878 1
879 0
880 1
881 0
882 2
883 1
884 1
885 0
886 1
887 0
888 0
889 0
890 0
891 0
892 0
893 0
894 0
895 0
896 0
897 2
898 2
899 3
900 2
901 0
902 0
903 0
904 0
905 0
906 0
907 0
908 1
909 2
910 1
911 1
912 2
913 0
914 1
915 4
916 2
917 1
918 2
919 0
920 0
921 0
922 1
923 0
924 0
925 0
926 0
927 0
928 0
929 1
930 1
931 0
932 1
933 1
934 1
935 2
936 0
937 0
938 0
939 0
940 0
941 2
942 0
943 1
944 2
945 0
946 2
947 0
948 2
949 1
950 2
951 0
952 0
953 1
954 0
955 0
956 0
957 0
958 0
959 0
960 0
961 2
962 0
963 2
964 0
965 0
966 1
967 1
968 0
969 0
970 0
971 0
972 0
973 1
974 0
975 0
976 0
977 0
978 1
979 1
980 1
981 0
982 1
983 0
984 1
985 0
986 0
987 0
988 0
989 0
990 0
991 0
992 0
993 3
994 1
995 0
996 0
997 1
998 0
999 0
1000 1
1001 0
1002 0
1003 1
1004 1
1005 0
1006 1
1007 1
1008 1
1009 0
1010 0
1011 0
1012 0
1013 1
1014 0
1015 0
1016 1
1017 0
1018 0
1019 0
1020 0
1021 0
1022 0
1023 0
1024 0
1025 0
1026 1
1027 3
1028 2
1029 0
1030 1
1031 3
1032 1
1033 0
1034 0
1035 0
1036 1
1037 1
1038 1
1039 0
1040 2
1041 0
1042 0
1043 2
1044 0
1045 0
1046 0
1047 0
1048 0
1049 0
1050 0
1051 0
1052 0
1053 0
1054 0
1055 0
1056 0
1057 2
1058 0
1059 2
1060 1
1061 1
1062 1
1063 2
1064 0
1065 1
1066 0
1067 0
1068 0
1069 1
1070 1
1071 0
1072 3
1073 0
1074 1
1075 2
1076 1
1077 1
1078 1
1079 0
1080 0
1081 0
1082 1
1083 0
1084 0
1085 0
1086 0
1087 0
1088 0
1089 1
1090 0
1091 1
1092 0
1093 0
1094 0
1095 0
1096 0
1097 1
1098 0
1099 0
1100 0
1101 0
1102 0
1103 2
1104 0
1105 0
1106 1
1107 1
1108 0
1109 0
1110 0
1111 0
1112 0
1113 0
1114 0
1115 0
1116 0
1117 0
1118 0
1119 0
1120 0
1121 1
1122 1
1123 1
1124 1
1125 0
1126 0
1127 1
1128 0
1129 0
1130 0
1131 0
1132 0
1133 2
1134 2
1135 0
1136 1
1137 0
1138 1
1139 2
1140 1
1141 1
1142 2
1143 0
1144 0
1145 0
1146 1
1147 1
1148 0
1149 0
1150 1
1151 0
1152 0
1153 2
1154 1
1155 0
1156 1
1157 0
1158 0
1159 0
1160 0
1161 0
1162 1
1163 0
1164 0
1165 1
1166 2
1167 0
1168 2
1169 0
1170 1
1171 0
1172 1
1173 0
1174 1
1175 0
1176 0
1177 0
1178 0
1179 0
1180 0
1181 0
1182 0
1183 0
1184 0
1185 3
1186 0
1187 0
1188 0
1189 0
1190 0
1191 0
1192 1
1193 0
1194 0
1195 0
1196 0
1197 0
1198 1
1199 0
1200 1
1201 1
1202 0
1203 0
1204 0
1205 0
1206 1
1207 0
1208 1
1209 0
1210 0
1211 0
1212 0
1213 0
1214 0
1215 0
1216 0
1217 3
1218 2
1219 1
1220 0
1221 0
1222 3
1223 2
1224 0
1225 0
1226 0
1227 0
1228 2
1229 2
1230 3
1231 1
1232 2
1233 0
1234 1
1235 1
1236 1
1237 0
1238 0
1239 0
1240 0
1241 0
1242 0
1243 0
1244 0
1245 0
1246 0
1247 0
1248 0
1249 2
1250 1
1251 5
1252 1
1253 0
1254 1
1255 1
1256 0
1257 2
1258 0
1259 0
1260 2
1261 2
1262 0
1263 0
1264 0
1265 0
1266 2
1267 1
1268 1
1269 1
1270 0
1271 0
1272 0
1273 0
1274 0
1275 0
1276 0
1277 0
1278 0
1279 0
1280 0
1281 0
1282 0
1283 2
1284 0
1285 0
1286 1
1287 0
1288 0
1289 0
1290 0
1291 0
1292 0
1293 0
1294 0
1295 1
1296 0
1297 0
1298 0
1299 2
1300 1
1301 0
1302 0
1303 0
1304 0
1305 0
1306 0
1307 1
1308 0
1309 0
1310 0
1311 0
1312 0
1313 1
1314 0
1315 1
1316 1
1317 1
1318 2
1319 1
1320 0
1321 0
1322 0
1323 2
1324 0
1325 1
1326 0
1327 1
1328 1
1329 0
1330 2
1331 1
1332 1
1333 0
1334 1
1335 0
1336 0
1337 0
1338 0
1339 0
1340 0
1341 0
1342 0
1343 0
1344 0
1345 1
1346 0
1347 0
1348 1
1349 0
1350 0
1351 0
1352 0
1353 1
1354 0
1355 0
1356 1
1357 0
1358 2
1359 0
1360 0
1361 0
1362 0
1363 1
1364 1
1365 1
1366 0
1367 0
1368 0
1369 1
1370 0
1371 0
1372 0
1373 0
1374 0
1375 1
1376 0
1377 0
1378 0
1379 1
1380 1
1381 0
1382 1
1383 2
1384 0
1385 0
1386 0
1387 0
1388 1
1389 0
1390 1
1391 0
1392 1
1393 0
1394 1
1395 0
1396 0
1397 0
1398 1
1399 0
1400 0
1401 1
1402 0
1403 0
1404 0
1405 0
1406 0
1407 0
1408 0
1409 6
1410 2
1411 1
1412 1
1413 0
1414 0
1415 0
1416 0
1417 0
1418 0
1419 1
1420 1
1421 2
1422 1
1423 2
1424 2
1425 0
1426 2
1427 1
1428 1
1429 3
1430 1
1431 0
1432 0
1433 0
1434 0
1435 0
1436 0
1437 0
1438 0
1439 0
1440 0
1441 2
1442 2
1443 3
1444 2
1445 0
1446 3
1447 3
1448 1
1449 2
1450 0
1451 1
1452 3
1453 2
1454 1
1455 2
1456 3
1457 0
1458 2
1459 3
1460 3
1461 1
1462 0
1463 0
1464 0
1465 0
1466 0
1467 0
1468 0
1469 0
1470 0
1471 0
1472 0
1473 1
1474 0
1475 0
1476 1
1477 0
1478 0
1479 1
1480 0
1481 0
1482 0
1483 0
1484 1
1485 1
1486 0
1487 1
1488 0
1489 0
1490 1
1491 0
1492 0
1493 1
1494 0
1495 0
1496 1
1497 0
1498 0
1499 0
1500 0
1501 0
1502 0
1503 0
1504 0
1505 2
1506 0
1507 0
1508 3
1509 2
1510 1
1511 0
1512 1
1513 1
1514 0
1515 1
1516 2
1517 0
1518 2
1519 1
1520 1
1521 0
1522 1
1523 1
1524 0
1525 2
1526 2
1527 0
1528 0
1529 0
1530 0
1531 0
1532 0
1533 0
1534 0
1535 0
1536 0
1537 2
1538 1
1539 0
1540 0
1541 0
1542 2
1543 0
1544 0
1545 1
1546 0
1547 0
1548 2
1549 0
1550 0
1551 2
1552 0
1553 0
1554 2
1555 1
1556 0
1557 0
1558 0
1559 0
1560 0
1561 0
1562 0
1563 0
1564 0
1565 0
1566 0
1567 0
1568 0
1569 2
1570 1
1571 0
1572 0
1573 0
1574 0
1575 1
1576 0
1577 0
1578 0
1579 0
1580 1
1581 0
1582 0
1583 0
1584 0
1585 1
1586 2
1587 0
1588 2
1589 1
1590 0
1591 0
1592 0
1593 0
1594 0
1595 1
1596 0
1597 0
1598 0
1599 0
1600 0
1601 3
1602 1
1603 1
1604 0
1605 0
1606 0
1607 2
1608 0
1609 0
1610 1
1611 0
1612 0
1613 1
1614 0
1615 1
1616 0
1617 1
1618 1
1619 3
1620 1
1621 0
1622 1
1623 0
1624 0
1625 0
1626 0
1627 0
1628 0
1629 0
1630 0
1631 0
1632 0
1633 3
1634 0
1635 1
1636 1
1637 1
1638 1
1639 1
1640 0
1641 1
1642 1
1643 0
1644 1
1645 1
1646 0
1647 1
1648 1
1649 0
1650 1
1651 0
1652 0
1653 0
1654 0
1655 0
1656 0
1657 0
1658 1
1659 0
1660 0
1661 1
1662 0
1663 0
1664 0
1665 3
1666 0
1667 1
1668 2
1669 1
1670 2
1671 1
1672 1
1673 1
1674 0
1675 0
1676 0
1677 2
1678 1
1679 3
1680 1
1681 0
1682 3
1683 0
1684 2
1685 0
1686 1
1687 0
1688 0
1689 0
1690 0
1691 0
1692 0
1693 0
1694 0
1695 0
1696 0
1697 2
1698 1
1699 2
1700 1
1701 0
1702 1
1703 0
1704 0
1705 1
1706 0
1707 0
1708 1
1709 1
1710 0
1711 1
1712 1
1713 0
1714 2
1715 1
1716 0
1717 1
1718 1
1719 0
1720 1
1721 0
1722 0
1723 0
1724 0
1725 0
1726 0
1727 0
1728 0
1729 1
1730 0
1731 2
1732 1
1733 0
1734 1
1735 1
1736 0
1737 0
1738 0
1739 0
1740 2
1741 1
1742 1
1743 0
1744 0
1745 0
1746 3
1747 0
1748 2
1749 0
1750 0
1751 0
1752 0
1753 0
1754 1
1755 0
1756 0
1757 0
1758 0
1759 0
1760 0
1761 3
1762 2
1763 3
1764 1
1765 2
1766 2
1767 1
1768 1
1769 0
1770 0
1771 0
1772 1
1773 0
1774 0
1775 1
1776 4
1777 0
1778 0
1779 3
1780 1
1781 2
1782 1
1783 0
1784 1
1785 0
1786 0
1787 0
1788 1
1789 0
1790 0
1791 0
1792 0
1793 3
1794 1
1795 0
1796 0
1797 0
1798 0
1799 0
1800 0
1801 0
1802 1
1803 0
1804 0
1805 1
1806 0
1807 1
1808 1
1809 0
1810 3
1811 0
1812 1
1813 2
1814 0
1815 0
1816 0
1817 0
1818 0
1819 0
1820 0
1821 0
1822 0
1823 0
1824 0
1825 6
1826 0
1827 1
1828 0
1829 0
1830 0
1831 0
1832 0
1833 0
1834 1
1835 1
1836 0
1837 1
1838 1
1839 1
1840 0
1841 0
1842 0
1843 0
1844 0
1845 1
1846 0
1847 0
1848 0
1849 0
1850 0
1851 0
1852 0
1853 0
1854 0
1855 0
1856 0
1857 2
1858 0
1859 1
1860 0
1861 0
1862 0
1863 0
1864 1
1865 1
1866 1
1867 0
1868 1
1869 1
1870 0
1871 0
1872 2
1873 0
1874 2
1875 2
1876 3
1877 0
1878 1
1879 0
1880 0
1881 0
1882 0
1883 0
1884 0
1885 0
1886 0
1887 1
1888 0
1889 0
1890 1
1891 0
1892 1
1893 0
1894 1
1895 0
1896 0
1897 0
1898 0
1899 0
1900 1
1901 1
1902 1
1903 0
1904 1
1905 0
1906 1
1907 0
1908 0
1909 0
1910 0
1911 0
1912 0
1913 0
1914 1
1915 0
1916 0
1917 1
1918 0
1919 0
1920 0
1921 2
1922 0
1923 0
1924 1
1925 0
1926 0
1927 0
1928 0
1929 0
1930 0
1931 0
1932 1
1933 2
1934 0
1935 1
1936 1
1937 0
1938 0
1939 1
1940 1
1941 2
1942 0
1943 0
1944 0
1945 0
1946 0
1947 0
1948 0
1949 0
1950 1
1951 0
1952 0
1953 1
1954 2
1955 1
1956 1
1957 0
1958 1
1959 1
1960 1
1961 0
1962 1
1963 0
1964 1
1965 1
1966 1
1967 0
1968 2
1969 0
1970 1
1971 0
1972 1
1973 1
1974 0
1975 0
1976 0
1977 0
1978 0
1979 0
1980 0
1981 0
1982 0
1983 0
1984 0
1985 1
1986 1
1987 2
1988 1
1989 0
1990 0
1991 3
1992 1
1993 0
1994 0
1995 1
1996 1
1997 3
1998 1
1999 1
2000 3
2001 0
2002 1
2003 1
2004 2
2005 0
2006 2
2007 0
2008 0
2009 1
2010 1
2011 0
2012 0
2013 0
2014 0
2015 0
2016 0
2017 2
2018 1
2019 2
2020 0
2021 1
2022 0
2023 0
2024 0
2025 1
2026 0
2027 0
2028 0
2029 1
2030 1
2031 2
2032 0
2033 0
2034 1
2035 1
2036 0
2037 1
2038 0
2039 0
2040 0
2041 0
2042 0
2043 0
2044 0
2045 0
2046 0
2047 0
2048 0
2049 0
2050 2
2051 0
2052 1
2053 0
2054 1
2055 0
2056 0
2057 1
2058 1
2059 0
2060 1
2061 0
2062 0
2063 1
2064 1
2065 0
2066 1
2067 1
2068 1
2069 0
2070 1
2071 0
2072 0
2073 0
2074 0
2075 0
2076 0
2077 0
2078 0
2079 0
2080 0
2081 0
2082 2
2083 2
2084 1
2085 1
2086 2
2087 1
2088 1
2089 0
2090 1
2091 0
2092 2
2093 3
2094 1
2095 1
2096 1
2097 0
2098 1
2099 2
2100 2
2101 1
2102 1
2103 0
2104 0
2105 0
2106 0
2107 0
2108 0
2109 0
2110 0
2111 0
2112 0
2113 2
2114 0
2115 0
2116 0
2117 0
2118 0
2119 1
2120 1
2121 0
2122 0
2123 0
2124 2
2125 0
2126 0
2127 2
2128 1
2129 0
2130 1
2131 0
2132 0
2133 0
2134 0
2135 0
2136 1
2137 0
2138 0
2139 0
2140 0
2141 0
2142 0
2143 0
2144 0
2145 0
2146 0
2147 2
2148 1
2149 1
2150 3
2151 0
2152 0
2153 1
2154 0
2155 0
2156 2
2157 1
2158 0
2159 0
2160 2
2161 0
2162 3
2163 1
2164 1
2165 0
2166 1
2167 0
2168 0
2169 0
2170 0
2171 0
2172 0
2173 0
2174 0
2175 1
2176 0
2177 1
2178 0
2179 1
2180 1
2181 2
2182 0
2183 2
2184 0
2185 0
2186 0
2187 2
2188 0
2189 1
2190 1
2191 0
2192 1
2193 1
2194 1
2195 3
2196 2
2197 1
2198 2
2199 0
2200 0
2201 0
2202 1
2203 0
2204 0
2205 0
2206 0
2207 0
2208 0
2209 2
2210 0
2211 0
2212 0
2213 1
2214 0
2215 0
2216 0
2217 1
2218 0
2219 1
2220 0
2221 1
2222 0
2223 1
2224 0
2225 0
2226 0
2227 0
2228 0
2229 1
2230 0
2231 0
2232 0
2233 0
2234 0
2235 0
2236 0
2237 0
2238 0
2239 0
2240 1
2241 1
2242 1
2243 2
2244 1
2245 0
2246 0
2247 1
2248 0
2249 0
2250 0
2251 0
2252 1
2253 2
2254 0
2255 1
2256 1
2257 1
2258 2
2259 0
2260 2
2261 1
2262 1
2263 0
2264 0
2265 0
2266 0
2267 0
2268 0
2269 1
2270 0
2271 1
2272 0
2273 1
2274 0
2275 3
2276 1
2277 1
2278 2
2279 0
2280 0
2281 0
2282 0
2283 1
2284 1
2285 3
2286 0
2287 1
2288 1
2289 0
2290 0
2291 2
2292 0
2293 0
2294 2
2295 0
2296 0
2297 0
2298 0
2299 0
2300 0
2301 0
2302 0
2303 0
2304 0
2305 4
2306 2
2307 1
2308 0
2309 0
2310 1
2311 1
2312 0
2313 0
2314 0
2315 0
2316 0
2317 1
2318 1
2319 1
2320 1
2321 0
2322 2
2323 0
2324 0
2325 0
2326 1
2327 0
2328 0
2329 0
2330 0
2331 0
2332 0
2333 0
2334 0
2335 0
2336 0
2337 3
2338 1
2339 2
2340 1
2341 1
2342 1
2343 1
2344 1
2345 1
2346 0
2347 2
2348 2
2349 2
2350 0
2351 2
2352 1
2353 1
2354 1
2355 1
2356 0
2357 0
2358 0
2359 0
2360 0
2361 0
2362 0
2363 0
2364 0
2365 0
2366 0
2367 0
2368 0
2369 0
2370 2
2371 1
2372 2
2373 0
2374 3
2375 1
2376 0
2377 1
2378 0
2379 0
2380 1
2381 3
2382 0
2383 0
2384 2
2385 0
2386 3
2387 1
2388 3
2389 1
2390 2
2391 0
2392 0
2393 0
2394 0
2395 0
2396 0
2397 0
2398 0
2399 0
2400 0
2401 1
2402 0
2403 2
2404 1
2405 0
2406 2
2407 0
2408 0
2409 0
2410 0
2411 1
2412 2
2413 2
2414 1
2415 0
2416 0
2417 0
2418 2
2419 3
2420 1
2421 0
2422 1
2423 0
2424 0
2425 0
2426 2
2427 0
2428 0
2429 0
2430 0
2431 0
2432 0
2433 5
2434 0
2435 5
2436 2
2437 1
2438 2
2439 0
2440 0
2441 0
2442 1
2443 0
2444 1
2445 2
2446 0
2447 1
2448 1
2449 0
2450 1
2451 0
2452 0
2453 0
2454 0
2455 0
2456 0
2457 1
2458 0
2459 0
2460 0
2461 0
2462 0
2463 0
2464 0
2465 1
2466 1
2467 3
2468 3
2469 0
2470 3
2471 2
2472 0
2473 0
2474 1
2475 0
2476 2
2477 2
2478 1
2479 2
2480 2
2481 0
2482 1
2483 4
2484 1
2485 0
2486 4
2487 0
2488 0
2489 0
2490 1
2491 0
2492 0
2493 0
2494 0
2495 0
2496 0
2497 1
2498 0
2499 1
2500 0
2501 2
2502 0
2503 3
2504 1
2505 0
2506 2
2507 0
2508 1
2509 2
2510 0
2511 2
2512 0
2513 0
2514 2
2515 1
2516 2
2517 1
2518 0
2519 0
2520 0
2521 0
2522 0
2523 0
2524 0
2525 0
2526 0
2527 0
2528 0
2529 1
2530 0
2531 0
2532 0
2533 1
2534 1
2535 1
2536 0
2537 0
2538 0
2539 0
2540 0
2541 1
2542 0
2543 1
2544 1
2545 1
2546 2
2547 0
2548 1
2549 1
2550 0
2551 0
2552 0
2553 0
2554 0
2555 0
2556 0
2557 0
2558 0
2559 0
2560 0
2561 1
2562 0
2563 0
2564 0
2565 1
2566 0
2567 0
2568 0
2569 0
2570 0
2571 0
2572 0
2573 1
2574 0
2575 0
2576 2
2577 0
2578 0
2579 0
2580 1
2581 0
2582 0
2583 0
2584 1
2585 0
2586 0
2587 0
2588 0
2589 0
2590 0
2591 1
2592 0
2593 0
2594 0
2595 2
2596 0
2597 0
2598 0
2599 2
2600 0
2601 1
2602 0
2603 0
2604 0
2605 0
2606 1
2607 0
2608 0
2609 0
2610 0
2611 1
2612 1
2613 1
2614 0
2615 0
2616 0
2617 0
2618 0
2619 1
2620 0
2621 0
2622 0
2623 0
2624 0
2625 0
2626 1
2627 0
2628 0
2629 0
2630 0
2631 0
2632 0
2633 0
2634 0
2635 0
2636 1
2637 0
2638 0
2639 0
2640 0
2641 0
2642 1
2643 1
2644 0
2645 1
2646 0
2647 0
2648 0
2649 0
2650 1
2651 0
2652 0
2653 1
2654 0
2655 0
2656 0
2657 1
2658 2
2659 2
2660 0
2661 1
2662 0
2663 2
2664 0
2665 0
2666 0
2667 0
2668 2
2669 3
2670 0
2671 0
2672 0
2673 0
2674 3
2675 1
2676 2
2677 0
2678 0
2679 0
2680 0
2681 0
2682 0
2683 0
2684 0
2685 1
2686 0
2687 0
2688 0
2689 3
2690 1
2691 1
2692 0
2693 0
2694 0
2695 1
2696 0
2697 0
2698 0
2699 0
2700 0
2701 1
2702 0
2703 2
2704 2
2705 0
2706 1
2707 1
2708 0
2709 3
2710 1
2711 0
2712 0
2713 0
2714 1
2715 0
2716 0
2717 0
2718 0
2719 0
2720 0
2721 1
2722 0
2723 1
2724 0
2725 0
2726 0
2727 0
2728 0
2729 0
2730 0
2731 0
2732 2
2733 0
2734 0
2735 0
2736 0
2737 0
2738 1
2739 0
2740 0
2741 0
2742 1
2743 0
2744 0
2745 0
2746 0
2747 0
2748 0
2749 0
2750 0
2751 0
2752 0
2753 2
2754 0
2755 0
2756 2
2757 0
2758 1
2759 0
2760 0
2761 1
2762 0
2763 0
2764 1
2765 0
2766 1
2767 0
2768 1
2769 0
2770 2
2771 1
2772 0
2773 0
2774 0
2775 0
2776 0
2777 0
2778 0
2779 0
2780 0
2781 1
2782 0
2783 0
2784 1
2785 2
2786 1
2787 0
2788 0
2789 3
2790 2
2791 0
2792 1
2793 0
2794 0
2795 0
2796 0
2797 1
2798 2
2799 0
2800 2
2801 0
2802 0
2803 2
2804 1
2805 1
2806 0
2807 0
2808 0
2809 1
2810 1
2811 0
2812 0
2813 0
2814 0
2815 0
2816 0
2817 2
2818 0
2819 1
2820 1
2821 0
2822 2
2823 0
2824 1
2825 1
2826 0
2827 0
2828 0
2829 0
2830 0
2831 1
2832 1
2833 0
2834 0
2835 0
2836 1
2837 0
2838 0
2839 0
2840 0
2841 0
2842 0
2843 0
2844 0
2845 0
2846 0
2847 0
2848 0
2849 0
2850 0
2851 2
2852 0
2853 0
2854 1
2855 0
2856 0
2857 0
2858 0
2859 0
2860 0
2861 0
2862 0
2863 1
2864 0
2865 0
2866 1
2867 0
2868 1
2869 0
2870 2
2871 0
2872 1
2873 0
2874 0
2875 0
2876 0
2877 1
2878 0
2879 0
2880 0
2881 1
2882 1
2883 2
2884 1
2885 0
2886 1
2887 2
2888 0
2889 0
2890 0
2891 0
2892 0
2893 2
2894 1
2895 0
2896 1
2897 0
2898 2
2899 4
2900 2
2901 0
2902 2
2903 0
2904 0
2905 0
2906 1
2907 0
2908 0
2909 0
2910 0
2911 0
2912 0
2913 0
2914 1
2915 0
2916 0
2917 0
2918 0
2919 0
2920 0
2921 0
2922 1
2923 0
2924 0
2925 1
2926 0
2927 0
2928 1
2929 0
2930 0
2931 0
2932 1
2933 1
2934 0
2935 0
2936 0
2937 0
2938 0
2939 0
2940 1
2941 1
2942 1
2943 0
2944 0
2945 2
2946 1
2947 2
2948 1
2949 0
2950 1
2951 3
2952 0
2953 2
2954 2
2955 0
2956 1
2957 2
2958 1
2959 2
2960 0
2961 0
2962 1
2963 0
2964 0
2965 0
2966 2
2967 0
2968 0
2969 1
2970 0
2971 0
2972 0
2973 0
2974 0
2975 0
2976 0
2977 4
2978 1
2979 1
2980 1
2981 0
2982 1
2983 0
2984 0
2985 1
2986 1
2987 0
2988 0
2989 2
2990 1
2991 1
2992 1
2993 0
2994 3
2995 0
2996 2
2997 2
2998 2
2999 0
3000 0
3001 0
3002 0
3003 0
3004 0
3005 0
3006 0
3007 0
3008 0
3009 4
3010 0
3011 1
3012 0
3013 0
3014 4
3015 0
3016 0
3017 0
3018 0
3019 0
3020 1
3021 2
3022 1
3023 0
3024 4
3025 0
3026 2
3027 2
3028 1
3029 1
3030 0
3031 0
3032 0
3033 0
3034 0
3035 0
3036 0
3037 0
3038 0
3039 0
3040 0
3041 1
3042 0
3043 1
3044 1
3045 0
3046 0
3047 1
3048 0
3049 0
3050 0
3051 0
3052 0
3053 1
3054 0
3055 0
3056 0
3057 0
3058 1
3059 1
3060 1
3061 0
3062 1
3063 0
3064 0
3065 0
3066 1
3067 0
3068 0
3069 0
3070 0
3071 0
3072 0
3073 3
3074 0
3075 0
3076 0
3077 0
3078 0
3079 0
3080 1
3081 0
3082 0
3083 0
3084 2
3085 1
3086 0
3087 0
3088 1
3089 0
3090 1
3091 0
3092 0
3093 1
3094 1
3095 0
3096 0
3097 1
3098 0
3099 0
3100 0
3101 0
3102 0
3103 0
3104 0
3105 1
3106 1
3107 2
3108 0
3109 0
3110 2
3111 0
3112 1
3113 1
3114 2
3115 0
3116 0
3117 1
3118 0
3119 1
3120 2
3121 0
3122 1
3123 3
3124 1
3125 0
3126 0
3127 0
3128 0
3129 0
3130 0
3131 0
3132 0
3133 1
3134 0
3135 0
3136 0
3137 4
3138 0
3139 2
3140 1
3141 1
3142 1
3143 1
3144 0
3145 0
3146 0
3147 0
3148 1
3149 1
3150 0
3151 0
3152 0
3153 0
3154 0
3155 0
3156 0
3157 2
3158 0
3159 0
3160 0
3161 0
3162 0
3163 0
3164 0
3165 0
3166 0
3167 0
3168 0
3169 2
3170 2
3171 1
3172 1
3173 1
3174 1
3175 1
3176 0
3177 0
3178 1
3179 0
3180 0
3181 1
3182 1
3183 1
3184 2
3185 0
3186 0
3187 1
3188 1
3189 0
3190 2
3191 0
3192 0
3193 0
3194 1
3195 0
3196 0
3197 0
3198 0
3199 0
3200 0
3201 4
3202 0
3203 2
3204 0
3205 1
3206 3
3207 2
3208 0
3209 0
3210 0
3211 1
3212 0
3213 1
3214 0
3215 1
3216 1
3217 0
3218 1
3219 0
3220 0
3221 2
3222 0
3223 1
3224 0
3225 0
3226 1
3227 0
3228 0
3229 1
3230 0
3231 0
3232 0
3233 3
3234 1
3235 0
3236 0
3237 2
3238 1
3239 0
3240 0
3241 1
3242 0
3243 1
3244 0
3245 0
3246 0
3247 1
3248 1
3249 0
3250 1
3251 1
3252 0
3253 0
3254 0
3255 0
3256 0
3257 0
3258 0
3259 0
3260 0
3261 0
3262 0
3263 0
3264 0
3265 0
3266 0
3267 2
3268 1
3269 0
3270 0
3271 0
3272 0
3273 1
3274 0
3275 0
3276 0
3277 1
3278 1
3279 0
3280 0
3281 0
3282 1
3283 1
3284 0
3285 1
3286 0
3287 0
3288 0
3289 0
3290 1
3291 0
3292 0
3293 0
3294 0
3295 0
3296 0
3297 3
3298 2
3299 2
3300 6
3301 1
3302 2
3303 0
3304 0
3305 0
3306 1
3307 0
3308 2
3309 2
3310 2
3311 1
3312 1
3313 0
3314 1
3315 5
3316 3
3317 0
3318 0
3319 0
3320 0
3321 0
3322 0
3323 0
3324 0
3325 0
3326 0
3327 0
3328 0
3329 1
3330 1
3331 1
3332 0
3333 0
3334 0
3335 0
3336 0
3337 0
3338 0
3339 1
3340 0
3341 1
3342 0
3343 2
3344 0
3345 0
3346 0
3347 1
3348 0
3349 2
3350 0
3351 0
3352 1
3353 0
3354 0
3355 0
3356 0
3357 0
3358 0
3359 0
3360 0
3361 0
3362 1
3363 0
3364 0
3365 2
3366 1
3367 1
3368 0
3369 0
3370 0
3371 0
3372 2
3373 1
3374 0
3375 1
3376 1
3377 0
3378 1
3379 0
3380 1
3381 1
3382 1
3383 0
3384 0
3385 0
3386 0
3387 0
3388 0
3389 0
3390 0
3391 0
3392 0
3393 3
3394 1
3395 0
3396 1
3397 0
3398 0
3399 0
3400 0
3401 0
3402 0
3403 0
3404 0
3405 0
3406 1
3407 0
3408 0
3409 0
3410 1
3411 1
3412 1
3413 0
3414 0
3415 0
3416 0
3417 0
3418 1
3419 0
3420 0
3421 0
3422 0
3423 0
3424 0
3425 2
3426 0
3427 1
3428 0
3429 0
3430 0
3431 1
3432 0
3433 1
3434 1
3435 0
3436 1
3437 0
3438 0
3439 1
3440 1
3441 0
3442 1
3443 2
3444 2
3445 0
3446 0
3447 0
3448 0
3449 0
3450 0
3451 0
3452 0
3453 0
3454 0
3455 0
3456 0
3457 1
3458 0
3459 2
3460 1
3461 0
3462 1
3463 1
3464 1
3465 0
3466 0
3467 0
3468 1
3469 1
3470 0
3471 0
3472 1
3473 0
3474 2
3475 1
3476 0
3477 0
3478 0
3479 0
3480 0
3481 0
3482 0
3483 0
3484 0
3485 1
3486 0
3487 0
3488 0
3489 2
3490 1
3491 1
3492 1
3493 0
3494 2
3495 0
3496 1
3497 0
3498 0
3499 0
3500 3
3501 2
3502 1
3503 0
3504 0
3505 0
3506 3
3507 3
3508 2
3509 0
3510 2
3511 0
3512 0
3513 0
3514 0
3515 0
3516 1
3517 0
3518 0
3519 0
3520 0
3521 2
3522 1
3523 2
3524 1
3525 1
3526 3
3527 2
3528 0
3529 1
3530 0
3531 0
3532 1
3533 2
3534 0
3535 0
3536 1
3537 0
3538 3
3539 1
3540 2
3541 0
3542 1
3543 0
3544 0
3545 0
3546 1
3547 0
3548 0
3549 0
3550 0
3551 0
3552 0
3553 3
3554 0
3555 0
3556 0
3557 1
3558 0
3559 0
3560 0
3561 0
3562 1
3563 1
3564 0
3565 1
3566 0
3567 0
3568 1
3569 1
3570 1
3571 0
3572 0
3573 2
3574 1
3575 0
3576 0
3577 1
3578 0
3579 0
3580 0
3581 0
3582 0
3583 0
3584 0
3585 0
3586 1
3587 1
3588 0
3589 0
3590 1
3591 0
3592 0
3593 0
3594 0
3595 0
3596 1
3597 2
3598 1
3599 0
3600 3
3601 1
3602 1
3603 3
3604 1
3605 1
3606 0
3607 0
3608 0
3609 0
3610 0
3611 0
3612 0
3613 0
3614 0
3615 0
3616 0
3617 2
3618 2
3619 1
3620 0
3621 0
3622 1
3623 1
3624 0
3625 0
3626 1
3627 0
3628 2
3629 0
3630 0
3631 0
3632 1
3633 0
3634 2
3635 1
3636 0
3637 0
3638 1
3639 0
3640 0
3641 0
3642 0
3643 0
3644 0
3645 1
3646 0
3647 0
3648 0
3649 3
3650 1
3651 0
3652 1
3653 0
3654 1
3655 1
3656 0
3657 1
3658 0
3659 0
3660 4
3661 0
3662 0
3663 1
3664 2
3665 0
3666 0
3667 0
3668 0
3669 0
3670 0
3671 0
3672 0
3673 0
3674 0
3675 0
3676 0
3677 0
3678 0
3679 0
3680 0
3681 1
3682 0
3683 4
3684 0
3685 0
3686 0
3687 0
3688 0
3689 1
3690 0
3691 0
3692 1
3693 2
3694 1
3695 1
3696 0
3697 0
3698 1
3699 1
3700 1
3701 1
3702 0
3703 0
3704 0
3705 0
3706 0
3707 0
3708 0
3709 0
3710 0
3711 0
3712 0
3713 1
3714 1
3715 3
3716 1
3717 0
3718 4
3719 0
3720 0
3721 0
3722 0
3723 0
3724 0
3725 1
3726 0
3727 0
3728 3
3729 0
3730 3
3731 2
3732 0
3733 0
3734 0
3735 0
3736 0
3737 0
3738 0
3739 0
3740 1
3741 1
3742 0
3743 0
3744 0
3745 1
3746 1
3747 0
3748 0
3749 1
3750 0
3751 0
3752 0
3753 0
3754 0
3755 0
3756 0
3757 1
3758 0
3759 0
3760 1
3761 0
3762 2
3763 1
3764 0
3765 1
3766 0
3767 0
3768 0
3769 0
3770 0
3771 0
3772 0
3773 0
3774 0
3775 0
3776 0
3777 3
3778 0
3779 0
3780 0
3781 0
3782 0
3783 0
3784 0
3785 0
3786 0
3787 0
3788 0
3789 0
3790 0
3791 0
3792 0
3793 0
3794 0
3795 0
3796 1
3797 0
3798 1
3799 0
3800 0
3801 1
3802 0
3803 0
3804 0
3805 0
3806 0
3807 0
3808 0
3809 2
3810 2
3811 3
3812 2
3813 0
3814 2
3815 0
3816 0
3817 2
3818 0
3819 0
3820 1
3821 2
3822 2
3823 1
3824 3
3825 0
3826 4
3827 1
3828 3
3829 0
3830 2
3831 1
3832 1
3833 0
3834 0
3835 0
3836 0
3837 0
3838 0
3839 0
3840 0
3841 2
3842 0
3843 1
3844 1
3845 0
3846 1
3847 1
3848 0
3849 0
3850 0
3851 0
3852 0
3853 0
3854 1
3855 1
3856 2
3857 0
3858 0
3859 1
3860 1
3861 0
3862 0
3863 0
3864 0
3865 0
3866 0
3867 0
3868 0
3869 0
3870 0
3871 0
3872 0
3873 1
3874 0
3875 1
3876 1
3877 0
3878 1
3879 1
3880 1
3881 1
3882 2
3883 0
3884 1
3885 2
3886 3
3887 0
3888 2
3889 0
3890 0
3891 0
3892 2
3893 0
3894 0
3895 0
3896 0
3897 0
3898 0
3899 0
3900 0
3901 0
3902 0
3903 0
3904 0
3905 1
3906 0
3907 0
3908 0
3909 0
3910 0
3911 1
3912 0
3913 0
3914 0
3915 0
3916 0
3917 1
3918 0
3919 0
3920 1
3921 0
3922 0
3923 0
3924 0
3925 1
3926 0
3927 0
3928 0
3929 0
3930 1
3931 0
3932 0
3933 0
3934 0
3935 0
3936 0
3937 0
3938 0
3939 0
3940 0
3941 0
3942 1
3943 2
3944 0
3945 1
3946 0
3947 0
3948 1
3949 2
3950 1
3951 1
3952 1
3953 0
3954 1
3955 0
3956 1
3957 0
3958 0
3959 0
3960 0
3961 0
3962 0
3963 0
3964 0
3965 0
3966 0
3967 0
3968 0
3969 2
3970 0
3971 0
3972 1
3973 1
3974 1
3975 0
3976 0
3977 1
3978 0
3979 0
3980 2
3981 1
3982 0
3983 3
3984 0
3985 0
3986 0
3987 0
3988 2
3989 0
3990 1
3991 0
3992 0
3993 0
3994 0
3995 0
3996 0
3997 0
3998 0
3999 0
