  1   1                0 4.400e-05
  2   2                0 5.000e-06
  3   3                0 4.000e-06
  4   3                0 4.000e-06
  5   4                0 3.000e-06
  6   4                0 2.000e-06
  7   5                0 3.000e-06
  8   5                0 3.000e-06
  9   5                0 3.000e-06
 10   6                0 3.000e-06
 11   6                0 5.000e-06
 12   6                0 1.500e-05
 13   7                0 3.000e-06
 14   7                0 3.000e-06
 15   7                0 3.000e-06
 16   7                0 3.000e-06
 17   8                0 2.000e-06
 18   8                0 2.000e-06
 19   8                0 3.000e-06
 20   8                0 3.000e-06
 21   9                0 4.000e-06
 22   9                0 3.000e-06
 23   9                0 1.500e-05
 24   9                0 2.000e-06
 25   9                0 2.000e-06
 26  10                0 2.000e-06
 27  10                0 3.000e-06
 28  10                0 2.000e-06
 29  10                0 2.000e-06
 30  11                0 2.000e-06
 31  11                0 3.000e-06
 32  11                0 1.000e-06
 33  12                0 3.000e-06
 34  12                0 3.000e-06
 35  12                0 2.000e-06
 36  13                0 2.000e-06
 37  13                0 1.000e-06
 38  13                0 2.000e-06
 39  14                0 1.000e-06
 40  14                0 1.000e-06
 41  14                0 2.000e-06
 42  15                0 2.000e-06
 43  15                0 3.000e-06
 44  15                0 2.000e-06
 45  16                0 2.000e-06
 46  16                0 2.000e-06
 47  16                0 2.000e-06
 48  16                0 1.000e-06
 49  17                0 1.000e-06
 50  17                0 2.000e-06
 55  19                0 4.000e-06
 60  21                0 3.000e-06
 65  24                0 3.000e-06
 70  25                0 2.000e-06
 75  27                0 2.000e-06
 80  28                0 2.000e-06
 85  29                0 1.000e-06
 90  30                0 3.000e-06
 95  32                0 2.000e-06
100  35                0 2.000e-06
110  39                0 8.000e-06
120  42                0 2.000e-06
130  44                0 2.000e-06
140  46                0 2.000e-06
150  48                0 3.000e-06
160  52                0 2.000e-06
170  57                0 4.000e-06
180  60                0 3.000e-06
190  63                0 2.000e-06
200  64                0 3.000e-06
220  71                0 4.000e-06
240  79                0 3.000e-06
260  83                0 1.100e-05
280  90                0 3.000e-06
300  98                0 4.000e-06
320 102                0 4.000e-06
340 112                0 3.000e-06
360 116                0 4.000e-06
380 121                0 3.000e-06
400 130                0 4.000e-06
420 135                0 8.000e-06
440 140                0 3.000e-06
460 148                0 4.000e-06
480 153                0 4.000e-06
500 159                0 8.000e-06
520 167                0 5.000e-06
540 171                0 4.000e-06
560 178                0 5.000e-06
580 184                0 5.000e-06
600 188                0 5.000e-06
620 195                0 6.000e-06
640 203                0 5.000e-06
660 207                0 5.000e-06
680 214                0 5.000e-06
700 222                0 5.000e-06
720 227                0 6.000e-06
740 236                0 5.000e-06
760 241                0 6.000e-06
780 245                0 5.000e-06
800 255                0 5.000e-06
820 260                0 7.000e-06
840 264                0 6.000e-06
860 274                0 6.000e-06
880 278                0 6.000e-06
900 283                0 6.000e-06
920 290                0 6.000e-06
940 295                0 6.000e-06
960 303                0 7.000e-06
980 309                0 6.000e-06
1000 313                0 7.000e-06
1020 320                0 7.000e-06
1040 328                0 7.000e-06
1060 332                0 6.000e-06
1080 340                0 6.000e-06
1100 346                0 7.000e-06
1120 350                0 8.000e-06
1140 359                0 8.000e-06
1160 365                0 7.000e-06
1180 369                0 7.000e-06
1200 378                0 8.000e-06
1220 383                0 8.000e-06
1240 388                0 8.000e-06
1260 397                0 8.000e-06
1280 402                0 8.000e-06
1300 407                0 8.000e-06
1320 415                0 8.000e-06
1340 420                0 8.000e-06
1360 429                0 8.000e-06
1380 435                0 8.000e-06
1400 439                0 9.000e-06
1420 445                0 9.000e-06
1440 453                0 1.000e-05
1460 457                0 8.000e-06
1480 465                0 9.000e-06
1500 472                0 8.000e-06
1520 476                0 9.000e-06
1540 484                0 9.000e-06
1560 491                0 9.000e-06
1580 497                0 1.000e-05
1600 505                0 9.000e-06
1620 510                0 1.000e-05
1640 514                0 1.000e-05
1660 524                0 1.100e-05
1680 529                0 1.000e-05
1700 535                0 1.100e-05
1720 542                0 1.000e-05
1740 547                0 1.000e-05
1760 554                0 1.000e-05
1780 561                0 1.000e-05
1800 565                0 1.100e-05
1820 573                0 1.000e-05
1840 579                0 1.200e-05
1860 583                0 1.100e-05
1880 591                0 1.200e-05
1900 597                0 1.000e-05
1920 602                0 1.100e-05
1940 609                0 1.100e-05
1960 617                0 1.100e-05
1980 622                0 1.100e-05
2000 631                0 1.100e-05
2020 636                0 1.100e-05
2040 640                0 1.200e-05
2060 649                0 1.100e-05
2080 653                0 2.600e-05
2100 659                0 1.200e-05
2120 668                0 1.300e-05
2140 672                0 1.100e-05
2160 678                0 1.200e-05
2180 686                0 1.200e-05
2200 690                0 1.200e-05
2220 699                0 1.200e-05
2240 705                0 1.200e-05
2260 709                0 1.400e-05
2280 716                0 1.300e-05
2300 723                0 1.400e-05
2320 728                0 1.300e-05
2340 735                0 1.300e-05
2360 741                0 1.300e-05
2380 746                0 1.500e-05
2400 754                0 1.300e-05
2420 758                0 1.400e-05
2440 765                0 1.300e-05
2460 773                0 1.300e-05
2480 777                0 1.500e-05
2500 782                0 1.400e-05
2520 791                0 1.500e-05
2540 795                0 1.400e-05
2560 801                0 1.500e-05
2580 810                0 1.500e-05
2600 814                0 3.700e-05
2620 824                0 1.600e-05
2640 829                0 1.400e-05
2660 833                0 1.400e-05
2680 841                0 1.500e-05
2700 848                0 1.500e-05
2720 851                0 1.500e-05
2740 860                0 1.600e-05
2760 865                0 1.500e-05
2780 870                0 1.500e-05
2800 879                0 1.500e-05
2820 885                0 1.500e-05
2840 891                0 1.700e-05
2860 899                0 1.500e-05
2880 904                0 1.500e-05
2900 909                0 1.600e-05
2920 918                0 1.900e-05
2940 923                0 1.600e-05
2960 929                0 1.700e-05
2980 937                0 1.600e-05
3000 941                0 1.700e-05
3020 950                0 1.700e-05
3040 956                0 1.800e-05
3060 960                0 1.700e-05
3080 969                0 1.700e-05
3100 974                0 2.900e-05
3120 977                0 1.800e-05
3140 987                0 1.700e-05
3160 992                0 1.900e-05
3180 997                0 1.700e-05
3200 1005                0 1.700e-05
3220 1011                0 1.800e-05
3240 1017                0 1.800e-05
3260 1025                0 1.800e-05
3280 1029                0 1.800e-05
3300 1035                0 1.900e-05
3320 1044                0 1.800e-05
3340 1048                0 1.900e-05
3360 1054                0 1.900e-05
3380 1061                0 1.900e-05
3400 1065                0 1.900e-05
3420 1071                0 2.000e-05
3440 1079                0 1.900e-05
3460 1084                0 1.900e-05
3480 1093                0 1.900e-05
3500 1098                0 2.000e-05
3520 1103                0 1.900e-05
3540 1111                0 1.900e-05
3560 1117                0 1.900e-05
3580 1122                0 1.900e-05
3600 1130                0 2.000e-05
3620 1136                0 2.000e-05
3640 1142                0 2.100e-05
3660 1151                0 2.000e-05
3680 1155                0 2.100e-05
3700 1162                0 2.000e-05
3720 1170                0 2.200e-05
3740 1174                0 2.000e-05
3760 1180                0 2.100e-05
3780 1188                0 2.100e-05
3800 1192                0 2.200e-05
3820 1198                0 2.100e-05
3840 1207                0 2.100e-05
3860 1211                0 2.100e-05
3880 1221                0 2.100e-05
3900 1226                0 2.100e-05
3920 1230                0 2.100e-05
3940 1238                0 2.200e-05
3960 1244                0 2.200e-05
3980 1248                0 2.200e-05
4000 1258                0 2.200e-05
4020 1263                0 2.200e-05
4040 1268                0 2.200e-05
4060 1277                0 2.300e-05
4080 1282                0 2.300e-05
4100 1290                0 2.300e-05
4120 1297                0 2.200e-05
4140 1301                0 2.400e-05
4160 1307                0 2.300e-05
4180 1315                0 2.400e-05
4200 1319                0 2.300e-05
4220 1325                0 2.400e-05
4240 1333                0 2.300e-05
4260 1337                0 2.400e-05
4280 1346                0 2.300e-05
4300 1352                0 2.500e-05
4320 1356                0 2.400e-05
4340 1365                0 2.500e-05
4360 1369                0 2.500e-05
4380 1373                0 2.300e-05
4400 1382                0 2.500e-05
4420 1387                0 2.400e-05
4440 1392                0 2.600e-05
4460 1401                0 2.400e-05
4480 1406                0 4.300e-05
4500 1414                0 2.500e-05
4520 1421                0 2.500e-05
4540 1425                0 2.500e-05
4560 1432                0 2.600e-05
4580 1440                0 2.500e-05
4600 1444                0 2.600e-05
4620 1451                0 2.500e-05
4640 1458                0 4.600e-05
4660 1462                0 2.700e-05
4680 1470                0 2.600e-05
4700 1477                0 2.600e-05
4720 1482                0 3.000e-05
4740 1491                0 2.700e-05
4760 1496                0 2.600e-05
4780 1500                0 2.600e-05
4800 1510                0 2.700e-05
4820 1515                0 2.600e-05
4840 1520                0 2.600e-05
4860 1528                0 2.600e-05
4880 1533                0 2.600e-05
4900 1539                0 2.700e-05
4920 1546                0 2.800e-05
4940 1551                0 2.800e-05
4960 1558                0 2.800e-05
4980 1565                0 2.800e-05
5000 1569                0 2.900e-05
5020 1576                0 2.700e-05
5040 1583                0 2.800e-05
5060 1587                0 2.800e-05
5080 1594                0 2.900e-05
5100 1602                0 2.900e-05
5120 1607                0 2.800e-05
5140 1616                0 2.900e-05
5160 1620                0 2.800e-05
5180 1624                0 2.900e-05
5200 1633                0 2.900e-05
5220 1638                0 3.000e-05
5240 1643                0 2.900e-05
5260 1653                0 3.000e-05
5280 1657                0 2.900e-05
5300 1663                0 2.900e-05
5320 1671                0 3.000e-05
5340 1675                0 3.000e-05
5360 1684                0 3.100e-05
5380 1690                0 3.000e-05
5400 1694                0 3.100e-05
5420 1702                0 3.000e-05
5440 1709                0 3.100e-05
5460 1713                0 3.000e-05
5480 1721                0 3.100e-05
5500 1728                0 3.000e-05
5520 1732                0 3.100e-05
5540 1741                0 3.100e-05
5560 1747                0 3.100e-05
5580 1751                0 3.100e-05
5600 1760                0 3.200e-05
5620 1764                0 3.100e-05
5640 1769                0 3.200e-05
5660 1779                0 3.200e-05
5680 1783                0 3.100e-05
5700 1790                0 3.300e-05
5720 1798                0 3.100e-05
5740 1802                0 3.100e-05
5760 1810                0 3.200e-05
5780 1816                0 3.200e-05
5800 1820                0 3.200e-05
5820 1827                0 3.300e-05
5840 1834                0 3.200e-05
5860 1838                0 3.200e-05
5880 1846                0 3.300e-05
5900 1852                0 3.300e-05
5920 1856                0 3.400e-05
5940 1864                0 3.400e-05
5960 1871                0 3.300e-05
5980 1876                0 3.400e-05
6000 1884                0 3.500e-05
6020 1889                0 3.400e-05
6040 1894                0 3.500e-05
6060 1903                0 3.400e-05
6080 1907                0 3.500e-05
6100 1913                0 3.400e-05
6120 1921                0 3.500e-05
6140 1926                0 3.400e-05
6160 1934                0 3.500e-05
6180 1941                0 3.700e-05
6200 1945                0 3.600e-05
6220 1953                0 3.400e-05
6240 1959                0 3.500e-05
6260 1963                0 3.500e-05
6280 1971                0 3.500e-05
6300 1977                0 3.500e-05
6320 1982                0 3.500e-05
6340 1988                0 3.600e-05
6360 1995                0 3.600e-05
6380 2001                0 3.600e-05
6400 2009                0 3.500e-05
6420 2013                0 4.200e-05
6440 2018                0 3.700e-05
6460 2027                0 3.600e-05
6480 2031                0 3.700e-05
6500 2037                0 3.600e-05
6520 2045                0 3.600e-05
6540 2049                0 3.700e-05
6560 2055                0 3.700e-05
6580 2063                0 3.800e-05
6600 2067                0 3.700e-05
6620 2075                0 3.800e-05
6640 2080                0 3.800e-05
6660 2085                0 3.900e-05
6680 2093                0 3.700e-05
6700 2099                0 3.800e-05
6720 2104                0 3.800e-05
6740 2111                0 3.900e-05
6760 2117                0 3.800e-05
6780 2122                0 3.900e-05
6800 2131                0 3.800e-05
6820 2135                0 3.900e-05
6840 2141                0 3.900e-05
6860 2149                0 3.900e-05
6880 2153                0 3.900e-05
6900 2159                0 3.900e-05
6920 2168                0 3.900e-05
6940 2172                0 3.900e-05
6960 2178                0 4.100e-05
6980 2187                0 3.900e-05
7000 2191                0 4.000e-05
7020 2200                0 3.900e-05
7040 2205                0 3.900e-05
7060 2209                0 4.000e-05
7080 2217                0 4.000e-05
7100 2223                0 4.000e-05
7120 2227                0 4.100e-05
7140 2235                0 4.100e-05
7160 2240                0 4.200e-05
7180 2245                0 4.100e-05
7200 2253                0 4.100e-05
7220 2258                0 4.100e-05
7240 2266                0 4.100e-05
7260 2273                0 4.200e-05
7280 2277                0 4.100e-05
7300 2283                0 4.100e-05
7320 2292                0 4.200e-05
7340 2296                0 4.300e-05
7360 2302                0 4.200e-05
7380 2310                0 4.200e-05
7400 2314                0 4.200e-05
7420 2324                0 4.200e-05
7440 2330                0 4.200e-05
7460 2333                0 4.200e-05
7480 2342                0 4.400e-05
7500 2347                0 4.300e-05
7520 2351                0 4.400e-05
7540 2359                0 4.300e-05
7560 2365                0 4.400e-05
7580 2370                0 4.300e-05
7600 2378                0 4.400e-05
7620 2383                0 4.300e-05
7640 2390                0 4.400e-05
7660 2397                0 4.300e-05
7680 2401                0 4.300e-05
7700 2407                0 4.400e-05
7720 2415                0 4.400e-05
7740 2419                0 4.400e-05
7760 2426                0 4.500e-05
7780 2432                0 4.500e-05
7800 2436                0 4.400e-05
7820 2444                0 4.600e-05
7840 2451                0 4.500e-05
7860 2455                0 4.600e-05
7880 2465                0 4.500e-05
7900 2469                0 4.600e-05
7920 2473                0 4.700e-05
7940 2482                0 4.500e-05
7960 2487                0 4.500e-05
7980 2492                0 4.600e-05
8000 2500                0 4.600e-05
