  1   1                2 2.000e-05
  2   2                3 3.000e-06
  3   3                4 2.000e-06
  4   3                4 1.000e-06
  5   4                5 1.000e-06
  6   4                5 2.000e-06
  7   5                6 2.000e-06
  8   5                6 2.000e-06
  9   5                6 3.000e-06
 10   6                7 3.000e-06
 11   6                7 3.000e-06
 12   6                7 1.000e-06
 13   7                8 1.000e-06
 14   7                8 2.000e-06
 15   7                8 2.000e-06
 16   7                8 2.000e-06
 17   8                9 1.000e-06
 18   8                9 1.000e-06
 19   8                9 1.000e-06
 20   8                9 2.000e-06
 21   9               10 3.000e-06
 22   9               10 2.000e-06
 23   9               10 2.000e-06
 24   9               10 1.000e-05
 25   9               10 2.000e-06
 26  10               11 1.000e-06
 27  10               11 1.000e-06
 28  10               11 1.000e-06
 29  10               11 2.000e-06
 30  11               12 2.000e-06
 31  11               12 3.000e-06
 32  11               12 3.000e-06
 33  12               13 2.000e-06
 34  12               13 2.000e-06
 35  12               13 1.000e-06
 36  13               14 1.000e-06
 37  13               14 1.000e-06
 38  13               14 1.000e-06
 39  14               15 2.000e-06
 40  14               15 2.000e-06
 41  14               15 3.000e-06
 42  15               16 2.000e-06
 43  15               16 2.000e-06
 44  15               16 2.000e-06
 45  16               17 2.000e-06
 46  16               17 2.000e-06
 47  16               17 1.000e-06
 48  16               17 1.000e-06
 49  17               18 2.000e-06
 50  17               18 2.000e-06
 55  19               20 2.000e-06
 60  21               22 2.000e-06
 65  24               25 3.000e-06
 70  25               26 3.000e-06
 75  27               28 2.000e-06
 80  28               29 2.000e-06
 85  29               30 2.000e-06
 90  30               31 2.000e-06
 95  32               33 3.000e-06
100  35               36 3.000e-06
110  39               40 3.000e-06
120  42               43 3.000e-06
130  44               45 3.000e-06
140  46               47 3.000e-06
150  48               49 3.000e-06
160  52               53 3.000e-06
170  57               58 2.000e-06
180  60               61 2.000e-06
190  63               64 3.000e-06
200  64               65 2.000e-06
220  71               72 3.000e-06
240  79               80 4.000e-06
260  83               84 4.000e-06
280  90               91 4.000e-06
300  98               99 3.000e-06
320 102              103 4.000e-06
340 112              113 5.000e-06
360 116              117 3.000e-06
380 121              122 3.000e-06
400 130              131 4.000e-06
420 135              136 5.000e-06
440 140              141 3.000e-06
460 148              149 4.000e-06
480 153              154 1.100e-05
500 159              160 5.000e-06
520 167              168 5.000e-06
540 171              172 5.000e-06
560 178              179 5.000e-06
580 184              185 4.000e-06
600 188              189 5.000e-06
620 195              196 5.000e-06
640 203              204 5.000e-06
660 207              208 6.000e-06
680 214              215 5.000e-06
700 222              223 5.000e-06
720 227              228 5.000e-06
740 236              237 5.000e-06
760 241              242 6.000e-06
780 245              246 6.000e-06
800 255              256 6.000e-06
820 260              261 8.000e-06
840 264              265 6.000e-06
860 274              275 6.000e-06
880 278              279 6.000e-06
900 283              284 1.500e-05
920 290              291 6.000e-06
940 295              296 7.000e-06
960 303              304 8.000e-06
980 309              310 7.000e-06
1000 313              314 7.000e-06
1020 320              321 6.000e-06
1040 328              329 6.000e-06
1060 332              333 6.000e-06
1080 340              341 7.000e-06
1100 346              347 7.000e-06
1120 350              351 7.000e-06
1140 359              360 7.000e-06
1160 365              366 8.000e-06
1180 369              370 8.000e-06
1200 378              379 7.000e-06
1220 383              384 9.000e-06
1240 388              389 8.000e-06
1260 397              398 9.000e-06
1280 402              403 8.000e-06
1300 407              408 9.000e-06
1320 415              416 8.000e-06
1340 420              421 9.000e-06
1360 429              430 8.000e-06
1380 435              436 9.000e-06
1400 439              440 8.000e-06
1420 445              446 9.000e-06
1440 453              454 9.000e-06
1460 457              458 9.000e-06
1480 465              466 8.000e-06
1500 472              473 9.000e-06
1520 476              477 9.000e-06
1540 484              485 9.000e-06
1560 491              492 9.000e-06
1580 497              498 9.000e-06
1600 505              506 9.000e-06
1620 510              511 9.000e-06
1640 514              515 1.000e-05
1660 524              525 9.000e-06
1680 529              530 1.000e-05
1700 535              536 1.100e-05
1720 542              543 1.100e-05
1740 547              548 1.100e-05
1760 554              555 1.000e-05
1780 561              562 1.000e-05
1800 565              566 9.000e-06
1820 573              574 1.100e-05
1840 579              580 1.000e-05
1860 583              584 1.100e-05
1880 591              592 1.000e-05
1900 597              598 1.100e-05
1920 602              603 1.100e-05
1940 609              610 1.100e-05
1960 617              618 1.100e-05
1980 622              623 1.100e-05
2000 631              632 1.100e-05
2020 636              637 1.100e-05
2040 640              641 1.100e-05
2060 649              650 1.100e-05
2080 653              654 1.100e-05
2100 659              660 1.200e-05
2120 668              669 1.300e-05
2140 672              673 1.100e-05
2160 678              679 1.200e-05
2180 686              687 1.200e-05
2200 690              691 1.300e-05
2220 699              700 1.200e-05
2240 705              706 1.400e-05
2260 709              710 1.200e-05
2280 716              717 1.300e-05
2300 723              724 1.200e-05
2320 728              729 1.200e-05
2340 735              736 1.300e-05
2360 741              742 1.300e-05
2380 746              747 1.400e-05
2400 754              755 1.300e-05
2420 758              759 1.400e-05
2440 765              766 1.300e-05
2460 773              774 1.400e-05
2480 777              778 1.400e-05
2500 782              783 1.500e-05
2520 791              792 1.400e-05
2540 795              796 1.500e-05
2560 801              802 1.400e-05
2580 810              811 1.500e-05
2600 814              815 1.400e-05
2620 824              825 1.500e-05
2640 829              830 1.400e-05
2660 833              834 1.500e-05
2680 841              842 1.500e-05
2700 848              849 1.400e-05
2720 851              852 1.400e-05
2740 860              861 1.500e-05
2760 865              866 1.500e-05
2780 870              871 1.500e-05
2800 879              880 1.500e-05
2820 885              886 1.600e-05
2840 891              892 1.500e-05
2860 899              900 1.500e-05
2880 904              905 1.500e-05
2900 909              910 1.600e-05
2920 918              919 1.700e-05
2940 923              924 1.600e-05
2960 929              930 1.700e-05
2980 937              938 1.600e-05
3000 941              942 1.700e-05
3020 950              951 1.600e-05
3040 956              957 1.600e-05
3060 960              961 1.600e-05
3080 969              970 1.800e-05
3100 974              975 1.700e-05
3120 977              978 1.700e-05
3140 987              988 1.600e-05
3160 992              993 1.700e-05
3180 997              998 1.600e-05
3200 1005             1006 1.700e-05
3220 1011             1012 1.700e-05
3240 1017             1018 1.700e-05
3260 1025             1026 1.700e-05
3280 1029             1030 1.800e-05
3300 1035             1036 1.700e-05
3320 1044             1045 1.700e-05
3340 1048             1049 1.800e-05
3360 1054             1055 1.700e-05
3380 1061             1062 1.800e-05
3400 1065             1066 1.800e-05
3420 1071             1072 1.900e-05
3440 1079             1080 1.900e-05
3460 1084             1085 1.900e-05
3480 1093             1094 1.800e-05
3500 1098             1099 1.800e-05
3520 1103             1104 1.900e-05
3540 1111             1112 1.900e-05
3560 1117             1118 1.900e-05
3580 1122             1123 1.900e-05
3600 1130             1131 1.900e-05
3620 1136             1137 1.900e-05
3640 1142             1143 1.900e-05
3660 1151             1152 2.000e-05
3680 1155             1156 1.900e-05
3700 1162             1163 2.000e-05
3720 1170             1171 2.000e-05
3740 1174             1175 2.100e-05
3760 1180             1181 2.000e-05
3780 1188             1189 2.100e-05
3800 1192             1193 2.000e-05
3820 1198             1199 2.100e-05
3840 1207             1208 2.000e-05
3860 1211             1212 2.100e-05
3880 1221             1222 2.000e-05
3900 1226             1227 2.200e-05
3920 1230             1231 2.100e-05
3940 1238             1239 2.200e-05
3960 1244             1245 2.200e-05
3980 1248             1249 2.200e-05
4000 1258             1259 2.100e-05
4020 1263             1264 2.200e-05
4040 1268             1269 2.200e-05
4060 1277             1278 2.200e-05
4080 1282             1283 2.100e-05
4100 1290             1291 2.200e-05
4120 1297             1298 2.200e-05
4140 1301             1302 2.300e-05
4160 1307             1308 2.300e-05
4180 1315             1316 2.300e-05
4200 1319             1320 2.300e-05
4220 1325             1326 2.300e-05
4240 1333             1334 2.200e-05
4260 1337             1338 2.400e-05
4280 1346             1347 2.300e-05
4300 1352             1353 2.400e-05
4320 1356             1357 2.300e-05
4340 1365             1366 2.500e-05
4360 1369             1370 2.300e-05
4380 1373             1374 2.500e-05
4400 1382             1383 2.300e-05
4420 1387             1388 2.400e-05
4440 1392             1393 2.400e-05
4460 1401             1402 2.500e-05
4480 1406             1407 2.400e-05
4500 1414             1415 2.500e-05
4520 1421             1422 2.400e-05
4540 1425             1426 2.500e-05
4560 1432             1433 2.500e-05
4580 1440             1441 2.600e-05
4600 1444             1445 2.500e-05
4620 1451             1452 2.600e-05
4640 1458             1459 2.500e-05
4660 1462             1463 2.600e-05
4680 1470             1471 2.500e-05
4700 1477             1478 2.600e-05
4720 1482             1483 2.500e-05
4740 1491             1492 2.600e-05
4760 1496             1497 2.600e-05
4780 1500             1501 2.600e-05
4800 1510             1511 2.600e-05
4820 1515             1516 2.500e-05
4840 1520             1521 2.600e-05
4860 1528             1529 2.600e-05
4880 1533             1534 2.700e-05
4900 1539             1540 2.600e-05
4920 1546             1547 2.800e-05
4940 1551             1552 3.200e-05
4960 1558             1559 2.700e-05
4980 1565             1566 2.700e-05
5000 1569             1570 2.800e-05
5020 1576             1577 2.700e-05
5040 1583             1584 2.700e-05
5060 1587             1588 2.700e-05
5080 1594             1595 2.800e-05
5100 1602             1603 2.800e-05
5120 1607             1608 2.700e-05
5140 1616             1617 2.700e-05
5160 1620             1621 2.800e-05
5180 1624             1625 2.800e-05
5200 1633             1634 2.900e-05
5220 1638             1639 2.800e-05
5240 1643             1644 2.900e-05
5260 1653             1654 2.800e-05
5280 1657             1658 2.900e-05
5300 1663             1664 2.900e-05
5320 1671             1672 3.000e-05
5340 1675             1676 2.900e-05
5360 1684             1685 3.000e-05
5380 1690             1691 2.900e-05
5400 1694             1695 2.900e-05
5420 1702             1703 2.900e-05
5440 1709             1710 2.900e-05
5460 1713             1714 3.000e-05
5480 1721             1722 3.000e-05
5500 1728             1729 3.100e-05
5520 1732             1733 3.000e-05
5540 1741             1742 3.100e-05
5560 1747             1748 2.900e-05
5580 1751             1752 3.100e-05
5600 1760             1761 3.100e-05
5620 1764             1765 3.100e-05
5640 1769             1770 3.000e-05
5660 1779             1780 3.000e-05
5680 1783             1784 3.000e-05
5700 1790             1791 3.100e-05
5720 1798             1799 3.200e-05
5740 1802             1803 3.100e-05
5760 1810             1811 3.200e-05
5780 1816             1817 3.100e-05
5800 1820             1821 3.200e-05
5820 1827             1828 3.100e-05
5840 1834             1835 3.200e-05
5860 1838             1839 3.100e-05
5880 1846             1847 3.300e-05
5900 1852             1853 3.200e-05
5920 1856             1857 3.200e-05
5940 1864             1865 3.200e-05
5960 1871             1872 3.300e-05
5980 1876             1877 3.300e-05
6000 1884             1885 3.300e-05
6020 1889             1890 3.400e-05
6040 1894             1895 3.300e-05
6060 1903             1904 3.400e-05
6080 1907             1908 3.300e-05
6100 1913             1914 3.500e-05
6120 1921             1922 3.300e-05
6140 1926             1927 3.300e-05
6160 1934             1935 3.500e-05
6180 1941             1942 3.400e-05
6200 1945             1946 3.500e-05
6220 1953             1954 3.500e-05
6240 1959             1960 3.400e-05
6260 1963             1964 3.600e-05
6280 1971             1972 3.500e-05
6300 1977             1978 3.500e-05
6320 1982             1983 3.400e-05
6340 1988             1989 3.400e-05
6360 1995             1996 3.600e-05
6380 2001             2002 3.500e-05
6400 2009             2010 3.500e-05
6420 2013             2014 3.500e-05
6440 2018             2019 3.500e-05
6460 2027             2028 3.700e-05
6480 2031             2032 3.600e-05
6500 2037             2038 3.600e-05
6520 2045             2046 3.600e-05
6540 2049             2050 3.600e-05
6560 2055             2056 3.600e-05
6580 2063             2064 3.600e-05
6600 2067             2068 3.700e-05
6620 2075             2076 3.600e-05
6640 2080             2081 3.700e-05
6660 2085             2086 3.700e-05
6680 2093             2094 3.800e-05
6700 2099             2100 3.700e-05
6720 2104             2105 3.700e-05
6740 2111             2112 3.800e-05
6760 2117             2118 3.700e-05
6780 2122             2123 3.800e-05
6800 2131             2132 3.700e-05
6820 2135             2136 3.800e-05
6840 2141             2142 3.800e-05
6860 2149             2150 3.900e-05
6880 2153             2154 3.900e-05
6900 2159             2160 3.900e-05
6920 2168             2169 3.900e-05
6940 2172             2173 4.000e-05
6960 2178             2179 3.900e-05
6980 2187             2188 3.900e-05
7000 2191             2192 3.900e-05
7020 2200             2201 3.900e-05
7040 2205             2206 4.100e-05
7060 2209             2210 3.900e-05
7080 2217             2218 3.900e-05
7100 2223             2224 3.900e-05
7120 2227             2228 4.100e-05
7140 2235             2236 3.900e-05
7160 2240             2241 4.000e-05
7180 2245             2246 4.000e-05
7200 2253             2254 4.000e-05
7220 2258             2259 4.200e-05
7240 2266             2267 4.100e-05
7260 2273             2274 4.200e-05
7280 2277             2278 4.100e-05
7300 2283             2284 4.200e-05
7320 2292             2293 4.100e-05
7340 2296             2297 4.200e-05
7360 2302             2303 4.100e-05
7380 2310             2311 4.200e-05
7400 2314             2315 4.100e-05
7420 2324             2325 4.100e-05
7440 2330             2331 4.800e-05
7460 2333             2334 4.200e-05
7480 2342             2343 4.200e-05
7500 2347             2348 4.200e-05
7520 2351             2352 4.200e-05
7540 2359             2360 4.200e-05
7560 2365             2366 4.300e-05
7580 2370             2371 4.300e-05
7600 2378             2379 4.300e-05
7620 2383             2384 4.300e-05
7640 2390             2391 4.300e-05
7660 2397             2398 4.400e-05
7680 2401             2402 4.300e-05
7700 2407             2408 4.400e-05
7720 2415             2416 4.300e-05
7740 2419             2420 4.500e-05
7760 2426             2427 4.400e-05
7780 2432             2433 4.400e-05
7800 2436             2437 4.300e-05
7820 2444             2445 4.400e-05
7840 2451             2452 4.400e-05
7860 2455             2456 4.400e-05
7880 2465             2466 4.400e-05
7900 2469             2470 4.500e-05
7920 2473             2474 4.500e-05
7940 2482             2483 4.400e-05
7960 2487             2488 4.500e-05
7980 2492             2493 4.500e-05
8000 2500             2501 4.600e-05
