  1   1                2 4.151e-05
  2   2                3 2.890e-06
  3   3                5 2.382e-06
  4   3                5 2.119e-06
  5   4                7 2.363e-06
  6   4                8 2.536e-06
  7   5               10 2.483e-06
  8   5               12 2.463e-06
  9   5               10 2.010e-06
 10   6               13 2.108e-06
 11   6               15 6.697e-06
 12   6               13 2.257e-06
 13   7               17 2.024e-06
 14   7               20 1.831e-06
 15   7               20 1.777e-06
 16   7               16 1.609e-06
 17   8               20 1.660e-06
 18   8               23 1.872e-06
 19   8               24 1.780e-06
 20   8               20 1.835e-06
 21   9               24 3.032e-06
 22   9               28 9.570e-07
 23   9               27 9.560e-07
 24   9               24 8.700e-07
 25   9               18 7.850e-07
 26  10               20 7.620e-07
 27  10               22 7.660e-07
 28  10               20 7.170e-07
 29  11               22 7.560e-07
 30  11               24 7.660e-07
 31  11               22 7.400e-07
 32  12               24 7.540e-07
 33  12               26 7.320e-07
 34  12               24 7.160e-07
 35  13               26 7.300e-07
 36  13               28 7.400e-07
 37  13               26 7.110e-07
 38  14               28 7.740e-07
 39  14               30 7.660e-07
 40  14               28 7.400e-07
 41  15               30 7.790e-07
 42  15               32 7.730e-07
 43  15               30 7.500e-07
 44  16               33 8.020e-07
 45  16               35 8.160e-07
 46  16               33 7.890e-07
 47  17               37 8.230e-07
 48  17               39 8.570e-07
 49  17               38 8.660e-07
 50  17               34 8.550e-07
 55  19               37 1.832e-06
 60  22               43 1.041e-06
 65  24               49 1.001e-06
 70  25               56 1.068e-06
 75  26               57 1.039e-06
 80  27               60 1.088e-06
 85  28               67 1.216e-06
 90  29               66 1.431e-06
 95  31               63 1.214e-06
100  34               69 1.184e-06
110  38               80 2.317e-06
120  41               91 1.514e-06
130  43              102 1.646e-06
140  45              118 1.796e-06
150  47              104 1.708e-06
160  51              108 1.879e-06
170  56              118 1.740e-06
180  59              131 2.067e-06
190  61              135 1.844e-06
200  63              148 2.115e-06
220  70              146 4.361e-06
240  78              170 2.982e-06
260  82              175 2.421e-06
280  89              186 2.644e-06
300  96              207 2.802e-06
320 101              213 2.991e-06
340 110              232 4.885e-06
360 115              243 3.109e-06
380 120              263 3.499e-06
400 129              273 3.528e-06
420 134              290 5.989e-06
440 140              299 4.445e-06
460 147              313 4.046e-06
480 153              335 6.366e-06
500 158              335 4.259e-06
520 167              357 5.640e-06
540 171              389 4.822e-06
560 178              378 4.590e-06
580 184              404 4.748e-06
600 188              413 4.832e-06
620 194              413 4.936e-06
640 202              437 5.172e-06
660 206              440 5.132e-06
680 212              449 6.213e-06
700 220              468 5.359e-06
720 224              474 5.476e-06
740 233              496 5.661e-06
760 238              512 5.913e-06
780 241              513 6.019e-06
800 250              530 6.199e-06
820 256              552 8.826e-06
840 260              549 6.668e-06
860 269              568 7.690e-06
880 274              594 6.754e-06
900 279              588 6.704e-06
920 287              606 6.952e-06
940 292              631 7.099e-06
960 300              636 7.248e-06
980 306              659 7.452e-06
1000 310              670 7.526e-06
1020 317              676 8.639e-06
1040 325              700 7.939e-06
1060 329              705 7.925e-06
1080 336              714 8.036e-06
1100 344              735 8.187e-06
1120 348              739 8.364e-06
1140 357              759 8.428e-06
1160 361              772 8.562e-06
1180 365              776 1.083e-05
1200 374              796 1.202e-05
1220 379              818 1.038e-05
1240 383              812 8.878e-06
1260 392              831 1.068e-05
1280 397              852 1.045e-05
1300 403              854 9.440e-06
1320 411              872 9.680e-06
1340 416              897 9.745e-06
1360 424              904 1.110e-05
1380 431              930 1.039e-05
1400 435              942 1.034e-05
1420 442              942 1.044e-05
1440 449              965 1.068e-05
1460 453              979 1.096e-05
1480 461              980 1.082e-05
1500 468             1000 1.185e-05
1520 473             1007 1.107e-05
1540 480             1020 1.119e-05
1560 487             1043 1.132e-05
1580 492             1050 1.156e-05
1600 501             1075 1.180e-05
1620 505             1079 1.170e-05
1640 509             1085 1.178e-05
1660 519             1107 1.296e-05
1680 523             1123 1.225e-05
1700 529             1129 1.227e-05
1720 537             1145 1.247e-05
1740 542             1170 1.266e-05
1760 549             1167 1.265e-05
1780 556             1188 1.292e-05
1800 560             1209 1.313e-05
1820 568             1210 1.319e-05
1840 575             1237 1.428e-05
1860 579             1247 1.353e-05
1880 586             1249 1.346e-05
1900 593             1269 1.368e-05
1920 597             1272 1.361e-05
1940 604             1285 1.383e-05
1960 612             1309 1.401e-05
1980 617             1316 1.418e-05
2000 626             1341 1.535e-05
2020 630             1356 1.464e-05
2040 635             1353 1.463e-05
2060 644             1372 1.478e-05
2080 649             1397 1.497e-05
2100 655             1393 1.488e-05
2120 664             1413 1.549e-05
2140 669             1435 1.539e-05
2160 675             1434 1.626e-05
2180 682             1449 1.560e-05
2200 687             1468 1.582e-05
2220 697             1481 1.602e-05
2240 702             1495 1.607e-05
2260 707             1516 1.628e-05
2280 714             1518 1.629e-05
2300 721             1545 1.651e-05
2320 725             1541 1.740e-05
2340 733             1556 1.669e-05
2360 740             1579 1.695e-05
2380 744             1579 1.692e-05
2400 754             1601 1.712e-05
2420 758             1614 1.720e-05
2440 764             1626 1.750e-05
2460 772             1647 1.766e-05
2480 776             1654 1.852e-05
2500 781             1658 1.773e-05
2520 789             1681 1.797e-05
2540 793             1690 1.816e-05
2560 799             1701 1.822e-05
2580 807             1713 1.827e-05
2600 812             1736 1.852e-05
2620 821             1746 1.878e-05
2640 827             1765 1.979e-05
2660 831             1776 1.906e-05
2680 839             1781 1.894e-05
2700 846             1804 1.920e-05
2720 849             1807 1.946e-05
2740 858             1819 1.950e-05
2760 864             1846 1.972e-05
2780 869             1842 1.972e-05
2800 877             1860 2.004e-05
2820 883             1885 2.110e-05
2840 890             1890 2.038e-05
2860 897             1907 2.030e-05
2880 902             1923 2.054e-05
2900 907             1928 2.066e-05
2920 916             1948 2.088e-05
2940 921             1965 2.109e-05
2960 927             1972 2.124e-05
2980 936             1994 2.310e-05
3000 940             2016 2.177e-05
3020 949             2019 2.187e-05
3040 954             2034 2.188e-05
3060 958             2052 2.231e-05
3080 967             2058 2.230e-05
3100 973             2077 2.247e-05
3120 976             2083 2.255e-05
3140 985             2096 2.358e-05
3160 991             2123 2.291e-05
3180 997             2123 2.282e-05
3200 1004             2135 2.305e-05
3220 1011             2155 2.327e-05
3240 1018             2168 2.346e-05
3260 1026             2187 2.378e-05
3280 1031             2203 2.462e-05
3300 1035             2203 2.373e-05
3320 1044             2228 2.399e-05
3340 1048             2251 2.445e-05
3360 1055             2244 2.418e-05
3380 1062             2265 2.434e-05
3400 1066             2272 2.447e-05
3420 1073             2281 2.463e-05
3440 1081             2303 2.480e-05
3460 1085             2311 2.577e-05
3480 1094             2326 2.511e-05
3500 1099             2345 2.526e-05
3520 1103             2351 2.530e-05
3540 1112             2364 2.553e-05
3560 1117             2381 2.571e-05
3580 1122             2385 2.590e-05
3600 1131             2402 2.610e-05
3620 1136             2419 2.718e-05
3640 1142             2428 2.643e-05
3660 1151             2453 2.651e-05
3680 1155             2465 2.654e-05
3700 1162             2474 2.691e-05
3720 1170             2498 2.708e-05
3740 1174             2516 2.741e-05
3760 1180             2515 2.887e-05
3780 1188             2534 2.851e-05
3800 1193             2543 2.776e-05
3820 1199             2556 2.803e-05
3840 1208             2576 2.815e-05
3860 1212             2586 2.837e-05
3880 1222             2609 2.869e-05
3900 1227             2630 2.888e-05
3920 1231             2637 2.896e-05
3940 1239             2641 2.985e-05
3960 1245             2663 2.915e-05
3980 1249             2660 2.916e-05
4000 1257             2677 2.977e-05
4020 1262             2704 3.069e-05
4040 1267             2701 3.050e-05
4060 1275             2717 3.081e-05
4080 1279             2735 3.091e-05
4100 1287             2744 3.159e-05
4120 1294             2770 3.077e-05
4140 1298             2772 3.056e-05
4160 1305             2783 3.071e-05
4180 1313             2807 3.080e-05
4200 1317             2810 3.093e-05
4220 1324             2821 3.083e-05
4240 1332             2844 3.090e-05
4260 1336             2852 3.118e-05
4280 1346             2867 3.220e-05
4300 1351             2891 3.157e-05
4320 1355             2887 3.145e-05
4340 1364             2909 3.170e-05
4360 1369             2927 3.194e-05
4380 1373             2927 3.203e-05
4400 1383             2948 3.225e-05
4420 1388             2970 3.236e-05
4440 1394             2975 3.358e-05
4460 1402             2987 3.262e-05
4480 1407             3004 3.291e-05
4500 1415             3019 3.299e-05
4520 1422             3042 3.326e-05
4540 1426             3056 3.355e-05
4560 1433             3060 3.381e-05
4580 1441             3081 3.507e-05
4600 1445             3093 3.431e-05
4620 1452             3098 3.439e-05
4640 1459             3121 3.471e-05
4660 1463             3122 3.517e-05
4680 1471             3137 3.637e-05
4700 1479             3158 3.667e-05
4720 1484             3171 3.696e-05
4740 1492             3189 3.767e-05
4760 1497             3204 3.687e-05
4780 1501             3212 3.696e-05
4800 1511             3235 3.688e-05
4820 1516             3258 3.699e-05
4840 1521             3256 3.697e-05
4860 1530             3274 3.722e-05
4880 1535             3298 3.711e-05
4900 1541             3296 3.711e-05
4920 1549             3319 3.827e-05
4940 1553             3342 4.159e-05
4960 1561             3339 3.765e-05
4980 1567             3360 3.779e-05
5000 1571             3377 3.800e-05
5020 1579             3379 3.814e-05
5040 1586             3402 3.825e-05
5060 1590             3407 3.861e-05
5080 1597             3416 4.191e-05
5100 1603             3431 3.876e-05
5120 1609             3444 3.918e-05
5140 1618             3469 4.050e-05
5160 1622             3484 4.171e-05
5180 1626             3482 4.163e-05
5200 1636             3504 4.139e-05
5220 1640             3521 4.146e-05
5240 1645             3520 4.123e-05
5260 1654             3542 4.241e-05
5280 1658             3569 4.143e-05
5300 1663             3559 4.100e-05
5320 1673             3581 4.123e-05
5340 1677             3598 4.125e-05
5360 1685             3607 4.133e-05
5380 1690             3618 4.155e-05
5400 1695             3639 4.207e-05
5420 1703             3644 4.570e-05
5440 1710             3667 4.463e-05
5460 1715             3673 4.495e-05
5480 1722             3686 4.447e-05
5500 1729             3709 4.418e-05
5520 1734             3711 4.399e-05
5540 1743             3730 4.394e-05
5560 1748             3755 4.574e-05
5580 1753             3751 4.399e-05
5600 1762             3773 4.561e-05
5620 1766             3792 4.681e-05
5640 1771             3791 4.706e-05
5660 1780             3811 4.628e-05
5680 1785             3832 4.790e-05
5700 1791             3835 4.786e-05
5720 1799             3849 4.899e-05
5740 1804             3876 4.742e-05
5760 1812             3878 4.822e-05
5780 1819             3904 5.814e-05
5800 1823             3915 6.359e-05
5820 1830             3917 6.031e-05
5840 1837             3944 6.050e-05
5860 1840             3940 5.016e-05
5880 1849             3957 4.849e-05
5900 1855             3979 5.089e-05
5920 1858             3975 4.842e-05
5940 1866             3990 4.856e-05
5960 1872             4017 4.890e-05
5980 1878             4017 4.886e-05
6000 1886             4036 4.884e-05
6020 1891             4051 5.339e-05
6040 1895             4052 5.960e-05
6060 1905             4074 6.090e-05
6080 1909             4086 6.166e-05
6100 1915             4099 5.896e-05
6120 1923             4112 6.375e-05
6140 1927             4128 6.460e-05
6160 1935             4135 5.991e-05
6180 1942             4154 5.964e-05
6200 1946             4166 5.960e-05
6220 1955             4181 6.404e-05
6240 1960             4204 6.151e-05
6260 1964             4211 6.473e-05
6280 1972             4217 6.615e-05
6300 1978             4244 7.370e-05
6320 1983             4242 7.318e-05
6340 1991             4255 7.115e-05
6360 1998             4278 5.678e-05
6380 2003             4282 5.099e-05
6400 2011             4305 5.669e-05
6420 2015             4326 5.108e-05
6440 2019             4314 5.074e-05
6460 2028             4339 5.601e-05
6480 2032             4364 5.162e-05
6500 2038             4352 5.137e-05
6520 2047             4377 5.156e-05
6540 2051             4398 5.410e-05
6560 2058             4395 5.732e-05
6580 2067             4417 5.555e-05
6600 2071             4433 5.502e-05
6620 2079             4442 5.440e-05
6640 2084             4458 5.560e-05
6660 2089             4474 5.696e-05
6680 2097             4478 6.510e-05
6700 2103             4505 6.766e-05
6720 2108             4501 6.796e-05
6740 2115             4514 6.091e-05
6760 2122             4541 6.029e-05
6780 2127             4540 6.848e-05
6800 2135             4560 7.194e-05
6820 2140             4577 7.126e-05
6840 2146             4581 7.116e-05
6860 2153             4598 7.324e-05
6880 2158             4621 7.499e-05
6900 2163             4619 6.829e-05
6920 2171             4642 6.317e-05
6940 2175             4646 6.755e-05
6960 2182             4660 6.722e-05
6980 2190             4677 6.974e-05
7000 2195             4699 5.819e-05
7020 2203             4704 6.207e-05
7040 2208             4725 5.894e-05
7060 2212             4737 6.125e-05
7080 2220             4737 5.978e-05
7100 2226             4763 5.940e-05
7120 2230             4762 6.242e-05
7140 2239             4776 6.398e-05
7160 2244             4800 6.400e-05
7180 2248             4795 6.557e-05
7200 2257             4814 6.768e-05
7220 2262             4828 6.472e-05
7240 2269             4840 6.094e-05
7260 2277             4864 6.067e-05
7280 2281             4870 6.048e-05
7300 2288             4885 6.078e-05
7320 2297             4907 6.075e-05
7340 2301             4917 6.093e-05
7360 2308             4928 6.125e-05
7380 2315             4943 6.178e-05
7400 2320             4966 6.039e-05
7420 2329             4974 6.312e-05
7440 2335             4994 6.476e-05
7460 2339             4995 6.448e-05
7480 2349             5016 6.381e-05
7500 2354             5037 6.327e-05
7520 2358             5037 6.292e-05
7540 2368             5058 6.437e-05
7560 2373             5082 6.278e-05
7580 2378             5080 6.238e-05
7600 2385             5091 6.267e-05
7620 2391             5118 6.295e-05
7640 2398             5120 6.310e-05
7660 2405             5143 6.339e-05
7680 2409             5157 8.827e-05
7700 2414             5155 6.495e-05
7720 2422             5178 6.391e-05
7740 2426             5197 6.403e-05
7760 2434             5198 6.424e-05
7780 2441             5215 6.452e-05
7800 2445             5224 6.454e-05
7820 2453             5240 6.470e-05
7840 2461             5259 6.478e-05
7860 2466             5272 6.606e-05
7880 2476             5294 6.529e-05
7900 2480             5302 6.541e-05
7920 2485             5323 6.554e-05
7940 2493             5327 6.921e-05
7960 2499             5348 7.021e-05
7980 2504             5351 6.935e-05
8000 2512             5365 6.880e-05
