  1   1                2 1.000e-05
  2   2                3 1.000e-06
  3   3                5 3.000e-06
  4   3                5 1.000e-06
  5   4                7 1.000e-06
  6   4                8 2.000e-06
  7   5               10 1.000e-06
  8   5               12 2.000e-06
  9   5               10 1.000e-06
 10   6               13 1.000e-06
 11   6               15 7.000e-06
 12   6               13 2.000e-06
 13   7               17 2.000e-06
 14   7               20 2.000e-06
 15   7               20 2.000e-06
 16   7               16 1.000e-06
 17   8               20 1.000e-06
 18   8               23 2.000e-06
 19   8               24 3.000e-06
 20   8               21 2.000e-06
 21   9               25 4.000e-06
 22   9               29 2.000e-06
 23   9               31 1.000e-06
 24   9               28 1.000e-06
 25   9               20 2.000e-06
 26  10               23 1.000e-06
 27  10               25 2.000e-06
 28  10               24 2.000e-06
 29  10               21 3.000e-06
 30  11               24 3.000e-06
 31  11               26 2.000e-06
 32  11               24 2.000e-06
 33  12               27 2.000e-06
 34  12               29 3.000e-06
 35  12               28 3.000e-06
 36  12               25 2.000e-06
 37  13               27 2.000e-06
 38  13               29 2.000e-06
 39  13               27 3.000e-06
 40  14               30 3.000e-06
 41  14               32 2.000e-06
 42  14               30 3.000e-06
 43  15               33 3.000e-06
 44  15               35 2.000e-06
 45  15               34 3.000e-06
 46  15               31 2.000e-06
 47  16               33 2.000e-06
 48  16               34 3.000e-06
 49  16               32 3.000e-06
 50  17               34 2.000e-06
 55  19               38 3.000e-06
 60  22               44 1.000e-06
 65  24               51 2.000e-06
 70  26               56 2.000e-06
 75  27               62 1.000e-06
 80  28               71 2.000e-06
 85  29               75 2.000e-06
 90  30               66 2.000e-06
 95  33               72 2.000e-06
100  35               76 2.000e-06
110  40               87 3.000e-06
120  43               97 1.000e-06
130  45              110 2.000e-06
140  47              109 2.000e-06
150  49              110 3.000e-06
160  53              115 2.000e-06
170  58              125 3.000e-06
180  61              138 3.000e-06
190  63              142 3.000e-06
200  65              156 3.000e-06
220  72              153 3.000e-06
240  79              176 3.000e-06
260  83              182 3.000e-06
280  90              190 3.000e-06
300  98              213 3.000e-06
320 103              222 4.000e-06
340 112              244 4.000e-06
360 117              256 4.000e-06
380 121              272 4.000e-06
400 129              277 4.000e-06
420 134              291 5.000e-06
440 140              301 4.000e-06
460 148              317 5.000e-06
480 153              331 6.000e-06
500 160              339 4.000e-06
520 167              360 5.000e-06
540 171              389 6.000e-06
560 178              377 4.000e-06
580 185              400 5.000e-06
600 189              417 5.000e-06
620 196              418 6.000e-06
640 204              442 6.000e-06
660 208              445 6.000e-06
680 215              457 5.000e-06
700 222              473 7.000e-06
720 226              479 6.000e-06
740 235              499 7.000e-06
760 240              519 7.000e-06
780 244              519 8.000e-06
800 253              537 7.000e-06
820 259              559 7.000e-06
840 263              560 7.000e-06
860 272              577 7.000e-06
880 276              592 7.000e-06
900 281              595 6.000e-06
920 289              611 7.000e-06
940 293              628 7.000e-06
960 301              635 8.000e-06
980 307              659 8.000e-06
1000 312              670 8.000e-06
1020 319              676 9.000e-06
1040 326              699 9.000e-06
1060 330              699 7.000e-06
1080 337              712 8.000e-06
1100 345              735 9.000e-06
1120 349              741 1.000e-05
1140 359              764 1.000e-05
1160 364              778 9.000e-06
1180 368              782 9.000e-06
1200 377              802 1.200e-05
1220 382              822 1.000e-05
1240 386              819 9.000e-06
1260 395              841 1.000e-05
1280 400              857 9.000e-06
1300 405              862 9.000e-06
1320 412              873 9.000e-06
1340 417              900 9.000e-06
1360 425              904 1.000e-05
1380 432              926 1.000e-05
1400 436              937 1.000e-05
1420 442              938 1.000e-05
1440 450              962 1.100e-05
1460 454              972 1.100e-05
1480 462              979 1.100e-05
1500 468             1006 1.200e-05
1520 472             1003 1.100e-05
1540 479             1017 1.000e-05
1560 486             1037 1.100e-05
1580 491             1043 1.100e-05
1600 500             1068 1.200e-05
1620 504             1072 1.100e-05
1640 508             1077 1.100e-05
1660 518             1099 1.100e-05
1680 522             1116 1.100e-05
1700 528             1121 1.200e-05
1720 536             1136 1.200e-05
1740 540             1153 1.200e-05
1760 547             1158 1.200e-05
1780 554             1179 1.300e-05
1800 558             1199 1.200e-05
1820 566             1200 1.300e-05
1840 572             1225 1.300e-05
1860 576             1237 1.200e-05
1880 584             1243 1.600e-05
1900 591             1270 1.400e-05
1920 595             1266 1.300e-05
1940 602             1279 1.300e-05
1960 609             1299 1.300e-05
1980 614             1304 1.400e-05
2000 623             1326 1.400e-05
2020 627             1344 1.400e-05
2040 631             1338 1.500e-05
2060 641             1360 1.500e-05
2080 645             1376 1.400e-05
2100 651             1378 1.400e-05
2120 660             1403 1.400e-05
2140 664             1422 1.500e-05
2160 669             1415 1.400e-05
2180 678             1437 1.500e-05
2200 683             1452 1.600e-05
2220 692             1468 1.700e-05
2240 697             1487 1.700e-05
2260 701             1492 1.700e-05
2280 710             1508 1.600e-05
2300 716             1535 1.700e-05
2320 721             1533 1.600e-05
2340 728             1546 1.600e-05
2360 734             1570 1.600e-05
2380 739             1570 1.600e-05
2400 748             1589 1.600e-05
2420 753             1617 1.800e-05
2440 758             1611 1.800e-05
2460 767             1636 1.700e-05
2480 771             1651 1.700e-05
2500 776             1649 1.700e-05
2520 785             1674 2.000e-05
2540 789             1686 1.900e-05
2560 795             1688 1.800e-05
2580 802             1703 1.800e-05
2600 807             1727 1.800e-05
2620 815             1729 1.900e-05
2640 821             1748 1.800e-05
2660 825             1763 1.800e-05
2680 831             1763 1.900e-05
2700 837             1790 2.000e-05
2720 841             1788 1.900e-05
2740 849             1802 1.900e-05
2760 854             1816 1.900e-05
2780 859             1826 2.000e-05
2800 868             1842 1.900e-05
2820 873             1866 1.900e-05
2840 879             1864 2.000e-05
2860 887             1883 2.000e-05
2880 892             1899 2.100e-05
2900 897             1902 2.000e-05
2920 906             1924 2.000e-05
2940 911             1932 2.000e-05
2960 917             1948 2.000e-05
2980 926             1966 2.100e-05
3000 930             1989 2.100e-05
3020 939             1989 2.100e-05
3040 945             2010 2.200e-05
3060 949             2021 2.200e-05
3080 958             2029 2.200e-05
3100 963             2052 2.200e-05
3120 967             2062 2.200e-05
3140 976             2066 2.200e-05
3160 982             2093 2.300e-05
3180 987             2095 2.200e-05
3200 994             2103 2.400e-05
3220 1001             2123 2.200e-05
3240 1008             2134 2.400e-05
3260 1016             2155 2.300e-05
3280 1020             2170 2.200e-05
3300 1026             2172 2.300e-05
3320 1034             2190 2.400e-05
3340 1039             2213 2.400e-05
3360 1045             2210 2.400e-05
3380 1053             2234 2.400e-05
3400 1057             2245 2.400e-05
3420 1064             2250 2.300e-05
3440 1072             2273 2.400e-05
3460 1076             2284 2.500e-05
3480 1085             2295 2.400e-05
3500 1090             2311 2.400e-05
3520 1095             2325 2.400e-05
3540 1103             2338 2.600e-05
3560 1108             2352 2.500e-05
3580 1113             2358 2.500e-05
3600 1120             2369 2.600e-05
3620 1126             2396 2.600e-05
3640 1132             2394 2.600e-05
3660 1141             2416 2.600e-05
3680 1146             2439 2.700e-05
3700 1151             2433 2.600e-05
3720 1158             2453 2.600e-05
3740 1162             2466 2.700e-05
3760 1168             2468 2.600e-05
3780 1176             2489 2.600e-05
3800 1180             2493 2.800e-05
3820 1186             2506 2.700e-05
3840 1195             2526 2.900e-05
3860 1199             2541 2.800e-05
3880 1209             2559 2.700e-05
3900 1214             2580 2.800e-05
3920 1218             2587 2.800e-05
3940 1226             2592 2.800e-05
3960 1232             2619 2.700e-05
3980 1236             2616 2.800e-05
4000 1245             2631 2.800e-05
4020 1250             2656 2.900e-05
4040 1255             2654 2.900e-05
4060 1264             2670 2.900e-05
4080 1270             2692 2.900e-05
4100 1276             2694 2.800e-05
4120 1283             2714 2.900e-05
4140 1288             2731 2.900e-05
4160 1294             2736 2.900e-05
4180 1302             2757 2.900e-05
4200 1306             2763 3.000e-05
4220 1312             2772 3.100e-05
4240 1320             2793 3.000e-05
4260 1324             2801 3.000e-05
4280 1333             2820 3.100e-05
4300 1339             2846 3.100e-05
4320 1343             2841 3.200e-05
4340 1352             2862 3.100e-05
4360 1357             2884 3.200e-05
4380 1361             2878 3.000e-05
4400 1370             2897 3.100e-05
4420 1375             2920 3.200e-05
4440 1381             2920 3.100e-05
4460 1388             2933 3.100e-05
4480 1394             2955 3.300e-05
4500 1401             2961 3.300e-05
4520 1408             2983 3.200e-05
4540 1412             2994 3.200e-05
4560 1418             2996 3.200e-05
4580 1426             3020 3.200e-05
4600 1430             3034 3.200e-05
4620 1437             3034 3.300e-05
4640 1444             3054 3.300e-05
4660 1449             3059 3.400e-05
4680 1456             3074 3.400e-05
4700 1463             3095 3.300e-05
4720 1468             3105 3.400e-05
4740 1477             3125 3.400e-05
4760 1482             3141 3.300e-05
4780 1486             3151 3.400e-05
4800 1495             3165 3.500e-05
4820 1500             3189 3.500e-05
4840 1506             3188 3.500e-05
4860 1513             3204 3.600e-05
4880 1518             3229 3.500e-05
4900 1525             3227 3.500e-05
4920 1532             3248 3.600e-05
4940 1536             3274 3.500e-05
4960 1543             3264 3.600e-05
4980 1550             3286 3.700e-05
5000 1554             3296 3.600e-05
5020 1561             3305 3.600e-05
5040 1568             3332 3.600e-05
5060 1572             3328 3.600e-05
5080 1579             3341 3.600e-05
5100 1587             3360 3.700e-05
5120 1593             3376 3.700e-05
5140 1602             3396 3.800e-05
5160 1607             3416 4.000e-05
5180 1611             3412 3.700e-05
5200 1620             3431 3.700e-05
5220 1625             3458 3.900e-05
5240 1630             3450 3.700e-05
5260 1639             3472 3.800e-05
5280 1644             3490 4.100e-05
5300 1649             3489 3.800e-05
5320 1657             3506 3.900e-05
5340 1661             3523 4.000e-05
5360 1669             3531 3.900e-05
5380 1675             3548 3.800e-05
5400 1679             3568 4.000e-05
5420 1686             3568 3.900e-05
5440 1693             3595 4.000e-05
5460 1697             3593 3.900e-05
5480 1705             3609 3.900e-05
5500 1711             3630 4.000e-05
5520 1715             3632 4.000e-05
5540 1724             3648 4.200e-05
5560 1730             3670 4.000e-05
5580 1734             3669 4.100e-05
5600 1743             3691 4.200e-05
5620 1748             3706 4.000e-05
5640 1753             3710 4.200e-05
5660 1762             3732 4.100e-05
5680 1767             3744 4.100e-05
5700 1773             3754 4.200e-05
5720 1781             3769 4.100e-05
5740 1785             3786 4.000e-05
5760 1793             3792 4.000e-05
5780 1799             3818 3.900e-05
5800 1803             3829 4.000e-05
5820 1811             3830 4.300e-05
5840 1817             3848 4.000e-05
5860 1821             3857 4.000e-05
5880 1830             3869 3.900e-05
5900 1836             3896 4.100e-05
5920 1840             3890 4.000e-05
5940 1848             3906 4.200e-05
5960 1854             3926 4.100e-05
5980 1859             3928 4.100e-05
6000 1867             3951 4.100e-05
6020 1872             3959 4.000e-05
6040 1876             3965 4.200e-05
6060 1885             3985 4.100e-05
6080 1890             4006 4.200e-05
6100 1896             4007 4.100e-05
6120 1904             4026 4.200e-05
6140 1909             4048 4.200e-05
6160 1916             4048 4.300e-05
6180 1923             4070 4.400e-05
6200 1926             4079 4.300e-05
6220 1934             4086 4.300e-05
6240 1940             4105 4.300e-05
6260 1943             4113 4.300e-05
6280 1952             4126 4.400e-05
6300 1958             4151 4.300e-05
6320 1963             4152 4.400e-05
6340 1971             4167 4.400e-05
6360 1978             4190 4.400e-05
6380 1983             4195 4.300e-05
6400 1991             4218 4.400e-05
6420 1995             4226 4.500e-05
6440 2000             4232 4.600e-05
6460 2009             4254 4.600e-05
6480 2014             4272 4.600e-05
6500 2020             4272 4.500e-05
6520 2028             4293 4.600e-05
6540 2032             4303 4.600e-05
6560 2038             4310 4.600e-05
6580 2047             4332 4.600e-05
6600 2051             4346 4.700e-05
6620 2060             4361 4.600e-05
6640 2065             4381 4.600e-05
6660 2069             4391 4.600e-05
6680 2077             4393 4.800e-05
6700 2083             4420 4.700e-05
6720 2087             4415 4.700e-05
6740 2095             4429 4.600e-05
6760 2101             4450 4.700e-05
6780 2106             4452 4.800e-05
6800 2114             4470 4.800e-05
6820 2119             4489 4.800e-05
6840 2125             4492 4.900e-05
6860 2133             4513 4.800e-05
6880 2137             4529 4.800e-05
6900 2143             4532 4.800e-05
6920 2151             4555 4.800e-05
6940 2155             4562 4.800e-05
6960 2161             4568 4.900e-05
6980 2170             4590 5.000e-05
7000 2175             4605 4.900e-05
7020 2183             4619 4.900e-05
7040 2188             4640 4.900e-05
7060 2192             4649 4.900e-05
7080 2201             4658 5.000e-05
7100 2207             4683 5.100e-05
7120 2210             4676 5.100e-05
7140 2220             4697 5.100e-05
7160 2226             4719 5.000e-05
7180 2230             4717 5.200e-05
7200 2239             4735 5.200e-05
7220 2245             4757 5.100e-05
7240 2251             4760 5.000e-05
7260 2258             4780 5.100e-05
7280 2263             4792 5.200e-05
7300 2269             4799 5.200e-05
7320 2278             4824 5.200e-05
7340 2282             4829 5.100e-05
7360 2289             4842 5.200e-05
7380 2297             4860 5.100e-05
7400 2302             4878 5.200e-05
7420 2311             4892 5.300e-05
7440 2317             4909 5.400e-05
7460 2321             4923 5.300e-05
7480 2329             4931 5.200e-05
7500 2334             4952 5.300e-05
7520 2338             4958 5.600e-05
7540 2347             4968 5.400e-05
7560 2353             4990 5.300e-05
7580 2357             4990 5.300e-05
7600 2365             5003 5.400e-05
7620 2372             5030 5.300e-05
7640 2379             5036 5.300e-05
7660 2386             5059 5.500e-05
7680 2390             5072 5.500e-05
7700 2396             5072 5.500e-05
7720 2404             5095 5.500e-05
7740 2408             5114 5.500e-05
7760 2416             5113 5.600e-05
7780 2423             5136 5.700e-05
7800 2427             5140 5.500e-05
7820 2435             5153 5.500e-05
7840 2443             5176 5.700e-05
7860 2448             5186 5.600e-05
7880 2457             5208 5.700e-05
7900 2462             5218 5.600e-05
7920 2466             5234 5.700e-05
7940 2475             5246 5.700e-05
7960 2481             5267 5.700e-05
7980 2486             5268 5.700e-05
8000 2494             5284 5.800e-05
