  1   1                2 2.200e-05
  2   2                3 3.000e-06
  3   3                4 9.000e-06
  4   3                3 2.000e-06
  5   4                5 3.000e-06
  6   4                5 3.000e-06
  7   5                5 3.000e-06
  8   5                5 2.000e-06
  9   5                4 3.000e-06
 10   6                6 2.000e-06
 11   6                6 6.000e-06
 12   6                6 3.000e-06
 13   7                6 2.000e-06
 14   7                6 2.000e-06
 15   7                6 1.000e-06
 16   7                5 2.000e-06
 17   8                7 2.000e-06
 18   8                7 2.000e-06
 19   8                7 1.000e-06
 20   8                7 1.000e-06
 21   9                7 4.000e-06
 22   9                7 1.000e-06
 23   9                7 2.000e-06
 24   9                7 2.000e-06
 25   9                6 1.000e-06
 26  10                8 2.000e-06
 27  10                8 2.000e-06
 28  10                8 2.000e-06
 29  10                8 2.000e-06
 30  11                9 1.000e-06
 31  11                7 3.000e-06
 32  11                7 1.000e-06
 33  12                8 2.000e-06
 34  12                6 2.000e-06
 35  12                6 1.000e-06
 36  12                5 1.000e-06
 37  13                7 2.000e-06
 38  13                7 2.000e-06
 39  13                7 1.000e-06
 40  14                8 2.000e-06
 41  14                6 2.000e-06
 42  14                6 2.000e-06
 43  15                6 1.000e-06
 44  15                6 2.000e-06
 45  15                6 2.000e-06
 46  15                5 1.000e-06
 47  16                7 1.000e-06
 48  16                7 1.000e-06
 49  16                7 3.000e-06
 50  17                8 1.000e-06
 55  19                8 4.000e-06
 60  22                7 1.000e-06
 65  24                7 3.000e-06
 70  26                6 1.000e-06
 75  27                7 2.000e-06
 80  28                8 2.000e-06
 85  29                8 2.000e-06
 90  30                9 2.000e-06
 95  33               11 2.000e-06
100  35                7 1.000e-06
110  40                9 4.000e-06
120  43                9 2.000e-06
130  45                9 2.000e-06
140  47               10 2.000e-06
150  49               11 2.000e-06
160  53               12 2.000e-06
170  58               10 2.000e-06
180  61                8 2.000e-06
190  63                7 3.000e-06
200  65                9 3.000e-06
220  72               14 4.000e-06
240  79               12 2.000e-06
260  83               11 2.000e-06
280  90               16 2.000e-06
300  98               14 4.000e-06
320 103               10 3.000e-06
340 112               16 2.000e-06
360 117               11 2.000e-06
380 121               12 2.000e-06
400 129               16 3.000e-06
420 134                9 3.000e-06
440 140               13 2.000e-06
460 148               14 3.000e-06
480 153                9 3.000e-06
500 160               14 2.000e-06
520 167               12 2.000e-06
540 171               10 2.000e-06
560 178               15 4.000e-06
580 185               12 2.000e-06
600 189               11 2.000e-06
620 196               15 2.000e-06
640 204               12 2.000e-06
660 208               11 2.000e-06
680 215               16 2.000e-06
700 222               13 2.000e-06
720 226               10 3.000e-06
740 235               17 3.000e-06
760 240               10 2.000e-06
780 244               12 2.000e-06
800 253               18 2.000e-06
820 259               10 9.000e-06
840 263               12 3.000e-06
860 272               15 3.000e-06
880 276               10 2.000e-06
900 281               12 2.000e-06
920 289               15 3.000e-06
940 293               10 2.000e-06
960 301               15 2.000e-06
980 307               10 3.000e-06
1000 312               11 2.000e-06
1020 319               14 4.000e-06
1040 326               12 2.000e-06
1060 330               11 2.000e-06
1080 337               16 2.000e-06
1100 345               12 3.000e-06
1120 349                9 3.000e-06
1140 359               17 2.000e-06
1160 364                9 2.000e-06
1180 368               11 3.000e-06
1200 377               18 4.000e-06
1220 382               10 3.000e-06
1240 386               12 3.000e-06
1260 395               18 4.000e-06
1280 400               11 2.000e-06
1300 405               13 4.000e-06
1320 412               14 3.000e-06
1340 417               10 3.000e-06
1360 425               16 4.000e-06
1380 432               11 3.000e-06
1400 436               11 4.000e-06
1420 442               14 3.000e-06
1440 450               12 4.000e-06
1460 454               11 4.000e-06
1480 462               17 4.000e-06
1500 468               11 3.000e-06
1520 472               11 3.000e-06
1540 479               15 4.000e-06
1560 486               13 4.000e-06
1580 491               12 3.000e-06
1600 500               13 3.000e-06
1620 504               10 2.000e-06
1640 508               12 3.000e-06
1660 518               18 3.000e-06
1680 522               10 2.000e-06
1700 528               13 3.000e-06
1720 536               14 2.000e-06
1740 540               10 3.000e-06
1760 547               14 2.000e-06
1780 554               11 3.000e-06
1800 558               11 3.000e-06
1820 566               15 2.000e-06
1840 572               10 3.000e-06
1860 576               11 3.000e-06
1880 584               16 3.000e-06
1900 591               11 2.000e-06
1920 595               11 4.000e-06
1940 602               12 4.000e-06
1960 609               11 3.000e-06
1980 614               11 4.000e-06
2000 623               19 4.000e-06
2020 627               10 4.000e-06
2040 631               12 3.000e-06
2060 641               19 1.300e-05
2080 645               10 4.000e-06
2100 651               13 3.000e-06
2120 660               13 2.000e-06
2140 664               10 3.000e-06
2160 669               13 3.000e-06
2180 678               15 3.000e-06
2200 683               11 3.000e-06
2220 692               17 3.000e-06
2240 697               10 3.000e-06
2260 701               12 3.000e-06
2280 710               16 3.000e-06
2300 716               11 3.000e-06
2320 721               12 3.000e-06
2340 728               13 3.000e-06
2360 734               11 3.000e-06
2380 739               12 3.000e-06
2400 748               13 3.000e-06
2420 753               10 3.000e-06
2440 758               13 3.000e-06
2460 767               13 3.000e-06
2480 771               10 3.000e-06
2500 776               13 3.000e-06
2520 785               18 4.000e-06
2540 789               10 3.000e-06
2560 795               14 3.000e-06
2580 802               14 3.000e-06
2600 807               10 3.000e-06
2620 815               16 4.000e-06
2640 821               10 3.000e-06
2660 825               12 3.000e-06
2680 831               14 5.000e-06
2700 837               10 4.000e-06
2720 841               10 4.000e-06
2740 849               17 5.000e-06
2760 854                9 3.000e-06
2780 859               12 3.000e-06
2800 868               15 4.000e-06
2820 873               10 3.000e-06
2840 879               12 4.000e-06
2860 887               12 3.000e-06
2880 892               11 3.000e-06
2900 897               13 4.000e-06
2920 906               20 4.000e-06
2940 911               11 3.000e-06
2960 917               14 4.000e-06
2980 926               14 3.000e-06
3000 930               10 3.000e-06
3020 939               17 4.000e-06
3040 945               11 5.000e-06
3060 949               11 4.000e-06
3080 958               18 5.000e-06
3100 963               10 4.000e-06
3120 967               10 5.000e-06
3140 976               17 5.000e-06
3160 982               10 5.000e-06
3180 987               11 4.000e-06
3200 994               12 5.000e-06
3220 1001               11 4.000e-06
3240 1008               13 5.000e-06
3260 1016               13 4.000e-06
3280 1020               11 4.000e-06
3300 1026               14 3.000e-06
3320 1034               13 4.000e-06
3340 1039               10 4.000e-06
3360 1045               14 4.000e-06
3380 1053               12 3.000e-06
3400 1057               11 4.000e-06
3420 1064               16 4.000e-06
3440 1072               13 5.000e-06
3460 1076                9 4.000e-06
3480 1085               16 5.000e-06
3500 1090               10 5.000e-06
3520 1095               13 5.000e-06
3540 1103               16 5.000e-06
3560 1108                9 6.000e-06
3580 1113               12 5.000e-06
3600 1120               14 5.000e-06
3620 1126               10 1.900e-05
3640 1132               12 4.000e-06
3660 1141               13 2.300e-05
3680 1146               11 3.000e-06
3700 1151               13 2.300e-05
3720 1158               12 7.000e-06
3740 1162               10 4.000e-06
3760 1168               13 5.000e-06
3780 1176               12 5.000e-06
3800 1180               11 5.000e-06
3820 1186               15 5.000e-06
3840 1195               15 5.000e-06
3860 1199               10 5.000e-06
3880 1209               18 5.000e-06
3900 1214               10 5.000e-06
3920 1218               12 5.000e-06
3940 1226               16 5.000e-06
3960 1232               10 4.000e-06
3980 1236               10 4.000e-06
4000 1245               17 5.000e-06
4020 1250               11 4.000e-06
4040 1255               13 4.000e-06
4060 1264               15 4.000e-06
4080 1270               10 5.000e-06
4100 1276               14 6.000e-06
4120 1283               11 5.000e-06
4140 1288               11 5.000e-06
4160 1294               13 6.000e-06
4180 1302               13 5.000e-06
4200 1306               11 4.000e-06
4220 1312               15 5.000e-06
4240 1320               14 4.000e-06
4260 1324               11 4.000e-06
4280 1333               18 5.000e-06
4300 1339               12 4.000e-06
4320 1343               11 4.000e-06
4340 1352               18 6.000e-06
4360 1357               11 5.000e-06
4380 1361               12 5.000e-06
4400 1370               18 7.000e-06
4420 1375               10 5.000e-06
4440 1381               14 4.000e-06
4460 1388               13 5.000e-06
4480 1394               10 5.000e-06
4500 1401               15 5.000e-06
4520 1408               12 6.000e-06
4540 1412               11 4.000e-06
4560 1418               14 5.000e-06
4580 1426               12 4.000e-06
4600 1430               11 5.000e-06
4620 1437               16 4.000e-06
4640 1444               11 5.000e-06
4660 1449               11 5.000e-06
4680 1456               17 6.000e-06
4700 1463               13 5.000e-06
4720 1468               12 5.000e-06
4740 1477               13 4.000e-06
4760 1482               10 5.000e-06
4780 1486               12 4.000e-06
4800 1495               17 5.000e-06
4820 1500                9 6.000e-06
4840 1506               14 6.000e-06
4860 1513               13 4.000e-06
4880 1518                9 5.000e-06
4900 1525               15 5.000e-06
4920 1532               12 4.000e-06
4940 1536               11 5.000e-06
4960 1543               15 6.000e-06
4980 1550               12 6.000e-06
5000 1554               11 5.000e-06
5020 1561               15 5.000e-06
5040 1568               11 4.000e-06
5060 1572               11 6.000e-06
5080 1579               12 6.000e-06
5100 1587               14 5.000e-06
5120 1593               12 5.000e-06
5140 1602               13 6.000e-06
5160 1607               10 5.000e-06
5180 1611               12 5.000e-06
5200 1620               18 6.000e-06
5220 1625               10 6.000e-06
5240 1630               13 5.000e-06
5260 1639               17 6.000e-06
5280 1644               11 6.000e-06
5300 1649               13 5.000e-06
5320 1657               13 5.000e-06
5340 1661               11 5.000e-06
5360 1669               15 5.000e-06
5380 1675               10 5.000e-06
5400 1679               12 6.000e-06
5420 1686               15 7.000e-06
5440 1693               11 6.000e-06
5460 1697               11 6.000e-06
5480 1705               13 1.900e-05
5500 1711               11 5.000e-06
5520 1715               11 5.000e-06
5540 1724               18 5.000e-06
5560 1730               11 5.000e-06
5580 1734               12 6.000e-06
5600 1743               19 6.000e-06
5620 1748               11 6.000e-06
5640 1753               13 6.000e-06
5660 1762               20 5.000e-06
5680 1767               11 6.000e-06
5700 1773               14 5.000e-06
5720 1781               14 5.000e-06
5740 1785               10 6.000e-06
5760 1793               15 5.000e-06
5780 1799               10 5.000e-06
5800 1803               10 7.000e-06
5820 1811               16 6.000e-06
5840 1817               11 2.500e-05
5860 1821               10 2.400e-05
5880 1830               18 6.000e-06
5900 1836               11 5.000e-06
5920 1840               11 6.000e-06
5940 1848               15 6.000e-06
5960 1854               12 5.000e-06
5980 1859               12 7.000e-06
6000 1867               19 1.500e-05
6020 1872               10 9.000e-06
6040 1876               11 5.000e-06
6060 1885               17 6.000e-06
6080 1890               10 5.000e-06
6100 1896               14 7.000e-06
6120 1904               14 7.000e-06
6140 1909               11 5.000e-06
6160 1916               15 6.000e-06
6180 1923               13 7.000e-06
6200 1926               10 6.000e-06
6220 1934               16 7.000e-06
6240 1940               10 6.000e-06
6260 1943               11 5.000e-06
6280 1952               17 6.000e-06
6300 1958               11 6.000e-06
6320 1963               12 6.000e-06
6340 1971               13 6.000e-06
6360 1978               11 6.000e-06
6380 1983               12 7.000e-06
6400 1991               12 7.000e-06
6420 1995                9 6.000e-06
6440 2000               12 6.000e-06
6460 2009               18 1.900e-05
6480 2014               11 6.000e-06
6500 2020               14 6.000e-06
6520 2028               13 7.000e-06
6540 2032               11 6.000e-06
6560 2038               15 7.000e-06
6580 2047               13 7.000e-06
6600 2051               10 7.000e-06
6620 2060               17 6.000e-06
6640 2065                9 1.900e-05
6660 2069               12 2.600e-05
6680 2077               16 6.000e-06
6700 2083               11 7.000e-06
6720 2087               11 7.000e-06
6740 2095               14 7.000e-06
6760 2101               11 6.000e-06
6780 2106               12 6.000e-06
6800 2114               19 8.000e-06
6820 2119               11 1.100e-05
6840 2125               14 7.000e-06
6860 2133               13 7.000e-06
6880 2137               11 1.100e-05
6900 2143               14 7.000e-06
6920 2151               13 1.600e-05
6940 2155                9 6.000e-06
6960 2161               13 6.000e-06
6980 2170               16 6.000e-06
7000 2175               11 7.000e-06
7020 2183               16 6.000e-06
7040 2188                9 7.000e-06
7060 2192               12 7.000e-06
7080 2201               17 7.000e-06
7100 2207               11 6.000e-06
7120 2210               10 6.000e-06
7140 2220               18 7.000e-06
7160 2226               10 6.000e-06
7180 2230               12 2.500e-05
7200 2239               14 7.000e-06
7220 2245               10 2.000e-05
7240 2251               14 8.000e-06
7260 2258               11 1.000e-05
7280 2263               11 7.000e-06
7300 2269               13 1.300e-05
7320 2278               13 7.000e-06
7340 2282               10 7.000e-06
7360 2289               15 6.000e-06
7380 2297               14 7.000e-06
7400 2302               10 6.000e-06
7420 2311               17 8.000e-06
7440 2317               10 7.000e-06
7460 2321               10 8.000e-06
7480 2329               17 7.000e-06
7500 2334               11 1.400e-05
7520 2338               12 7.000e-06
7540 2347               17 7.000e-06
7560 2353               10 6.000e-06
7580 2357               12 7.000e-06
7600 2365               15 7.000e-06
7620 2372               11 1.100e-05
7640 2379               14 8.000e-06
7660 2386               12 6.000e-06
7680 2390               11 7.000e-06
7700 2396               14 7.000e-06
7720 2404               13 2.600e-05
7740 2408                9 6.000e-06
7760 2416               15 7.000e-06
7780 2423               12 8.000e-06
7800 2427               11 7.000e-06
7820 2435               17 7.000e-06
7840 2443               13 6.000e-06
7860 2448               10 7.000e-06
7880 2457               16 7.000e-06
7900 2462               11 7.000e-06
7920 2466               12 7.000e-06
7940 2475               17 8.000e-06
7960 2481               10 8.000e-06
7980 2486               13 7.000e-06
8000 2494               14 7.000e-06
