  1   1                2 1.600e-05
  2   2                3 3.000e-06
  3   3                4 1.000e-06
  4   3                4 1.000e-06
  5   4                5 2.000e-06
  6   4                5 1.000e-06
  7   5                6 2.000e-06
  8   5                6 2.000e-06
  9   5                6 2.000e-06
 10   6                7 1.000e-06
 11   6                7 9.000e-06
 12   6                7 4.000e-06
 13   7                8 3.000e-06
 14   7                8 2.000e-06
 15   7                8 2.000e-06
 16   7                8 2.000e-06
 17   8                9 3.000e-06
 18   8                9 2.000e-06
 19   8                9 2.000e-06
 20   8                9 3.000e-06
 21   9               10 5.000e-06
 22   9               10 3.000e-06
 23   9               10 2.000e-06
 24   9               10 2.000e-06
 25   9               10 2.000e-06
 26  10               11 2.000e-06
 27  10               11 3.000e-06
 28  10               11 2.000e-06
 29  10               11 2.000e-06
 30  11               12 3.000e-06
 31  11               12 2.000e-06
 32  11               12 3.000e-06
 33  12               13 3.000e-06
 34  12               13 2.000e-06
 35  12               13 3.000e-06
 36  12               13 3.000e-06
 37  13               14 2.000e-06
 38  13               14 2.000e-06
 39  13               14 2.000e-06
 40  14               15 1.000e-06
 41  14               15 2.000e-06
 42  14               15 2.000e-06
 43  15               16 2.000e-06
 44  15               16 3.000e-06
 45  15               16 3.000e-06
 46  15               16 3.000e-06
 47  16               17 3.000e-06
 48  16               17 2.000e-06
 49  16               17 2.000e-06
 50  17               18 2.000e-06
 55  19               20 4.000e-06
 60  22               23 2.000e-06
 65  24               25 3.000e-06
 70  26               27 2.000e-06
 75  27               28 3.000e-06
 80  28               29 3.000e-06
 85  29               30 2.000e-06
 90  30               31 2.000e-06
 95  33               34 3.000e-06
100  35               36 3.000e-06
110  40               41 9.000e-06
120  43               44 3.000e-06
130  45               46 3.000e-06
140  47               48 3.000e-06
150  49               50 4.000e-06
160  53               54 4.000e-06
170  58               59 3.000e-06
180  61               62 2.000e-06
190  63               64 2.000e-06
200  65               66 4.000e-06
220  72               73 6.000e-06
240  79               80 3.000e-06
260  83               84 4.000e-06
280  90               91 4.000e-06
300  98               99 3.000e-06
320 103              104 3.000e-06
340 112              113 4.000e-06
360 117              118 4.000e-06
380 121              122 5.000e-06
400 129              130 5.000e-06
420 134              135 6.000e-06
440 140              141 4.000e-06
460 148              149 4.000e-06
480 153              154 4.000e-06
500 160              161 4.000e-06
520 167              168 5.000e-06
540 171              172 4.000e-06
560 178              179 5.000e-06
580 185              186 4.000e-06
600 189              190 6.000e-06
620 196              197 4.000e-06
640 204              205 6.000e-06
660 208              209 5.000e-06
680 215              216 5.000e-06
700 222              223 5.000e-06
720 226              227 5.000e-06
740 235              236 5.000e-06
760 240              241 5.000e-06
780 244              245 7.000e-06
800 253              254 5.000e-06
820 259              260 9.000e-06
840 263              264 6.000e-06
860 272              273 7.000e-06
880 276              277 6.000e-06
900 281              282 6.000e-06
920 289              290 7.000e-06
940 293              294 6.000e-06
960 301              302 6.000e-06
980 307              308 6.000e-06
1000 312              313 7.000e-06
1020 319              320 6.000e-06
1040 326              327 8.000e-06
1060 330              331 6.000e-06
1080 337              338 7.000e-06
1100 345              346 8.000e-06
1120 349              350 7.000e-06
1140 359              360 7.000e-06
1160 364              365 8.000e-06
1180 368              369 7.000e-06
1200 377              378 9.000e-06
1220 382              383 8.000e-06
1240 386              387 9.000e-06
1260 395              396 8.000e-06
1280 400              401 8.000e-06
1300 405              406 8.000e-06
1320 412              413 8.000e-06
1340 417              418 9.000e-06
1360 425              426 8.000e-06
1380 432              433 8.000e-06
1400 436              437 9.000e-06
1420 442              443 8.000e-06
1440 450              451 9.000e-06
1460 454              455 9.000e-06
1480 462              463 9.000e-06
1500 468              469 9.000e-06
1520 472              473 9.000e-06
1540 479              480 9.000e-06
1560 486              487 1.000e-05
1580 491              492 9.000e-06
1600 500              501 1.000e-05
1620 504              505 1.000e-05
1640 508              509 1.000e-05
1660 518              519 1.000e-05
1680 522              523 1.000e-05
1700 528              529 1.000e-05
1720 536              537 1.000e-05
1740 540              541 1.100e-05
1760 547              548 1.100e-05
1780 554              555 1.100e-05
1800 558              559 1.000e-05
1820 566              567 1.100e-05
1840 572              573 1.100e-05
1860 576              577 1.100e-05
1880 584              585 1.100e-05
1900 591              592 1.300e-05
1920 595              596 1.300e-05
1940 602              603 1.100e-05
1960 609              610 1.200e-05
1980 614              615 1.200e-05
2000 623              624 1.200e-05
2020 627              628 1.200e-05
2040 631              632 1.300e-05
2060 641              642 1.300e-05
2080 645              646 1.300e-05
2100 651              652 1.200e-05
2120 660              661 1.300e-05
2140 664              665 1.300e-05
2160 669              670 1.200e-05
2180 678              679 1.400e-05
2200 683              684 1.300e-05
2220 692              693 1.300e-05
2240 697              698 1.300e-05
2260 701              702 1.400e-05
2280 710              711 1.400e-05
2300 716              717 1.500e-05
2320 721              722 1.400e-05
2340 728              729 1.400e-05
2360 734              735 1.400e-05
2380 739              740 1.400e-05
2400 748              749 1.400e-05
2420 753              754 1.500e-05
2440 758              759 1.400e-05
2460 767              768 1.600e-05
2480 771              772 1.500e-05
2500 776              777 1.500e-05
2520 785              786 1.500e-05
2540 789              790 1.500e-05
2560 795              796 1.500e-05
2580 802              803 1.500e-05
2600 807              808 1.600e-05
2620 815              816 1.500e-05
2640 821              822 1.700e-05
2660 825              826 1.700e-05
2680 831              832 1.700e-05
2700 837              838 1.600e-05
2720 841              842 1.600e-05
2740 849              850 1.600e-05
2760 854              855 1.600e-05
2780 859              860 1.500e-05
2800 868              869 1.500e-05
2820 873              874 1.600e-05
2840 879              880 1.500e-05
2860 887              888 1.500e-05
2880 892              893 1.500e-05
2900 897              898 1.600e-05
2920 906              907 1.500e-05
2940 911              912 1.500e-05
2960 917              918 1.600e-05
2980 926              927 1.500e-05
3000 930              931 1.600e-05
3020 939              940 1.600e-05
3040 945              946 1.600e-05
3060 949              950 1.600e-05
3080 958              959 1.600e-05
3100 963              964 1.700e-05
3120 967              968 1.700e-05
3140 976              977 1.800e-05
3160 982              983 1.700e-05
3180 987              988 1.700e-05
3200 994              995 1.700e-05
3220 1001             1002 1.700e-05
3240 1008             1009 1.700e-05
3260 1016             1017 1.700e-05
3280 1020             1021 1.700e-05
3300 1026             1027 1.800e-05
3320 1034             1035 1.700e-05
3340 1039             1040 1.700e-05
3360 1045             1046 1.800e-05
3380 1053             1054 1.700e-05
3400 1057             1058 1.800e-05
3420 1064             1065 1.900e-05
3440 1072             1073 1.900e-05
3460 1076             1077 1.900e-05
3480 1085             1086 2.000e-05
3500 1090             1091 1.800e-05
3520 1095             1096 1.900e-05
3540 1103             1104 1.900e-05
3560 1108             1109 1.900e-05
3580 1113             1114 2.000e-05
3600 1120             1121 2.000e-05
3620 1126             1127 1.900e-05
3640 1132             1133 1.900e-05
3660 1141             1142 2.000e-05
3680 1146             1147 2.000e-05
3700 1151             1152 1.900e-05
3720 1158             1159 1.900e-05
3740 1162             1163 2.000e-05
3760 1168             1169 2.100e-05
3780 1176             1177 1.900e-05
3800 1180             1181 2.000e-05
3820 1186             1187 2.100e-05
3840 1195             1196 2.000e-05
3860 1199             1200 2.100e-05
3880 1209             1210 2.200e-05
3900 1214             1215 2.100e-05
3920 1218             1219 2.100e-05
3940 1226             1227 2.100e-05
3960 1232             1233 2.100e-05
3980 1236             1237 2.200e-05
4000 1245             1246 2.300e-05
4020 1250             1251 2.200e-05
4040 1255             1256 2.100e-05
4060 1264             1265 2.100e-05
4080 1270             1271 2.200e-05
4100 1276             1277 2.200e-05
4120 1283             1284 2.200e-05
4140 1288             1289 2.100e-05
4160 1294             1295 2.300e-05
4180 1302             1303 2.300e-05
4200 1306             1307 2.300e-05
4220 1312             1313 2.300e-05
4240 1320             1321 2.300e-05
4260 1324             1325 2.200e-05
4280 1333             1334 2.300e-05
4300 1339             1340 2.400e-05
4320 1343             1344 2.300e-05
4340 1352             1353 2.300e-05
4360 1357             1358 2.500e-05
4380 1361             1362 2.300e-05
4400 1370             1371 2.300e-05
4420 1375             1376 5.300e-05
4440 1381             1382 3.700e-05
4460 1388             1389 3.300e-05
4480 1394             1395 2.800e-05
4500 1401             1402 2.600e-05
4520 1408             1409 2.600e-05
4540 1412             1413 2.400e-05
4560 1418             1419 2.600e-05
4580 1426             1427 2.600e-05
4600 1430             1431 3.000e-05
4620 1437             1438 2.500e-05
4640 1444             1445 2.800e-05
4660 1449             1450 2.600e-05
4680 1456             1457 2.500e-05
4700 1463             1464 2.600e-05
4720 1468             1469 2.600e-05
4740 1477             1478 2.600e-05
4760 1482             1483 3.000e-05
4780 1486             1487 3.900e-05
4800 1495             1496 2.600e-05
4820 1500             1501 2.600e-05
4840 1506             1507 2.600e-05
4860 1513             1514 2.800e-05
4880 1518             1519 2.700e-05
4900 1525             1526 2.700e-05
4920 1532             1533 2.600e-05
4940 1536             1537 2.700e-05
4960 1543             1544 4.700e-05
4980 1550             1551 3.100e-05
5000 1554             1555 2.900e-05
5020 1561             1562 2.800e-05
5040 1568             1569 2.800e-05
5060 1572             1573 2.800e-05
5080 1579             1580 3.600e-05
5100 1587             1588 2.800e-05
5120 1593             1594 2.800e-05
5140 1602             1603 2.900e-05
5160 1607             1608 2.800e-05
5180 1611             1612 2.700e-05
5200 1620             1621 2.800e-05
5220 1625             1626 2.900e-05
5240 1630             1631 2.700e-05
5260 1639             1640 2.800e-05
5280 1644             1645 2.800e-05
5300 1649             1650 2.800e-05
5320 1657             1658 2.900e-05
5340 1661             1662 2.900e-05
5360 1669             1670 2.800e-05
5380 1675             1676 3.000e-05
5400 1679             1680 2.800e-05
5420 1686             1687 2.900e-05
5440 1693             1694 3.000e-05
5460 1697             1698 2.900e-05
5480 1705             1706 2.900e-05
5500 1711             1712 3.100e-05
5520 1715             1716 3.100e-05
5540 1724             1725 4.500e-05
5560 1730             1731 4.600e-05
5580 1734             1735 4.200e-05
5600 1743             1744 3.900e-05
5620 1748             1749 3.700e-05
5640 1753             1754 3.600e-05
5660 1762             1763 3.600e-05
5680 1767             1768 3.300e-05
5700 1773             1774 3.200e-05
5720 1781             1782 3.200e-05
5740 1785             1786 3.200e-05
5760 1793             1794 3.200e-05
5780 1799             1800 3.200e-05
5800 1803             1804 3.100e-05
5820 1811             1812 3.100e-05
5840 1817             1818 3.100e-05
5860 1821             1822 3.100e-05
5880 1830             1831 3.300e-05
5900 1836             1837 3.200e-05
5920 1840             1841 3.300e-05
5940 1848             1849 3.100e-05
5960 1854             1855 3.200e-05
5980 1859             1860 3.300e-05
6000 1867             1868 3.200e-05
6020 1872             1873 3.300e-05
6040 1876             1877 3.200e-05
6060 1885             1886 3.300e-05
6080 1890             1891 3.300e-05
6100 1896             1897 3.200e-05
6120 1904             1905 3.400e-05
6140 1909             1910 3.300e-05
6160 1916             1917 3.300e-05
6180 1923             1924 3.300e-05
6200 1926             1927 3.400e-05
6220 1934             1935 3.300e-05
6240 1940             1941 3.400e-05
6260 1943             1944 3.400e-05
6280 1952             1953 3.400e-05
6300 1958             1959 3.500e-05
6320 1963             1964 3.500e-05
6340 1971             1972 3.500e-05
6360 1978             1979 3.400e-05
6380 1983             1984 3.400e-05
6400 1991             1992 3.500e-05
6420 1995             1996 3.500e-05
6440 2000             2001 3.500e-05
6460 2009             2010 3.500e-05
6480 2014             2015 3.400e-05
6500 2020             2021 3.500e-05
6520 2028             2029 3.500e-05
6540 2032             2033 3.500e-05
6560 2038             2039 3.600e-05
6580 2047             2048 3.600e-05
6600 2051             2052 3.600e-05
6620 2060             2061 3.500e-05
6640 2065             2066 3.600e-05
6660 2069             2070 3.600e-05
6680 2077             2078 3.700e-05
6700 2083             2084 3.800e-05
6720 2087             2088 3.700e-05
6740 2095             2096 3.600e-05
6760 2101             2102 3.700e-05
6780 2106             2107 3.700e-05
6800 2114             2115 3.700e-05
6820 2119             2120 3.800e-05
6840 2125             2126 3.800e-05
6860 2133             2134 3.700e-05
6880 2137             2138 3.700e-05
6900 2143             2144 3.800e-05
6920 2151             2152 3.700e-05
6940 2155             2156 3.700e-05
6960 2161             2162 3.800e-05
6980 2170             2171 3.800e-05
7000 2175             2176 3.900e-05
7020 2183             2184 3.800e-05
7040 2188             2189 3.900e-05
7060 2192             2193 3.900e-05
7080 2201             2202 3.800e-05
7100 2207             2208 3.900e-05
7120 2210             2211 4.000e-05
7140 2220             2221 4.000e-05
7160 2226             2227 3.900e-05
7180 2230             2231 3.900e-05
7200 2239             2240 4.000e-05
7220 2245             2246 3.900e-05
7240 2251             2252 3.900e-05
7260 2258             2259 4.100e-05
7280 2263             2264 4.200e-05
7300 2269             2270 4.100e-05
7320 2278             2279 4.200e-05
7340 2282             2283 4.200e-05
7360 2289             2290 4.100e-05
7380 2297             2298 4.100e-05
7400 2302             2303 4.200e-05
7420 2311             2312 4.400e-05
7440 2317             2318 4.300e-05
7460 2321             2322 4.200e-05
7480 2329             2330 4.400e-05
7500 2334             2335 4.400e-05
7520 2338             2339 4.300e-05
7540 2347             2348 4.300e-05
7560 2353             2354 4.300e-05
7580 2357             2358 4.400e-05
7600 2365             2366 4.400e-05
7620 2372             2373 4.400e-05
7640 2379             2380 4.200e-05
7660 2386             2387 4.200e-05
7680 2390             2391 4.300e-05
7700 2396             2397 4.300e-05
7720 2404             2405 4.400e-05
7740 2408             2409 4.300e-05
7760 2416             2417 4.400e-05
7780 2423             2424 4.400e-05
7800 2427             2428 4.300e-05
7820 2435             2436 4.400e-05
7840 2443             2444 4.300e-05
7860 2448             2449 4.400e-05
7880 2457             2458 4.400e-05
7900 2462             2463 4.300e-05
7920 2466             2467 4.400e-05
7940 2475             2476 4.400e-05
7960 2481             2482 4.500e-05
7980 2486             2487 4.400e-05
8000 2494             2495 4.400e-05
