  1   1                0 2.100e-05
  2   2                0 3.000e-06
  3   3                0 3.000e-06
  4   3                0 3.000e-06
  5   4                0 4.000e-06
  6   4                0 2.000e-06
  7   5                0 3.000e-06
  8   5                0 2.000e-06
  9   5                0 3.000e-06
 10   6                0 2.000e-06
 11   6                0 7.000e-06
 12   6                0 3.000e-06
 13   7                0 3.000e-06
 14   7                0 1.000e-06
 15   7                0 3.000e-06
 16   7                0 2.000e-06
 17   8                0 1.000e-06
 18   8                0 3.000e-06
 19   8                0 3.000e-06
 20   8                0 1.000e-06
 21   9                0 4.000e-06
 22   9                0 2.000e-06
 23   9                0 1.000e-06
 24   9                0 1.000e-06
 25   9                0 2.000e-06
 26  10                0 2.000e-06
 27  10                0 3.000e-06
 28  10                0 3.000e-06
 29  10                0 2.000e-06
 30  11                0 2.000e-06
 31  11                0 1.000e-06
 32  11                0 2.000e-06
 33  12                0 2.000e-06
 34  12                0 2.000e-06
 35  12                0 2.000e-06
 36  12                0 2.000e-06
 37  13                0 2.000e-06
 38  13                0 2.000e-06
 39  13                0 3.000e-06
 40  14                0 3.000e-06
 41  14                0 3.000e-06
 42  14                0 1.000e-06
 43  15                0 1.000e-06
 44  15                0 1.000e-06
 45  15                0 2.000e-06
 46  15                0 2.000e-06
 47  16                0 2.000e-06
 48  16                0 2.000e-06
 49  16                0 2.000e-06
 50  17                0 2.000e-06
 55  19                0 4.000e-06
 60  22                0 2.000e-06
 65  24                0 3.000e-06
 70  26                0 2.000e-06
 75  27                0 2.000e-06
 80  28                0 2.000e-06
 85  29                0 2.000e-06
 90  30                0 2.000e-06
 95  33                0 3.000e-06
100  35                0 2.000e-06
110  40                0 3.000e-06
120  43                0 2.000e-06
130  45                0 3.000e-06
140  47                0 2.000e-06
150  49                0 3.000e-06
160  53                0 3.000e-06
170  58                0 2.000e-06
180  61                0 4.000e-06
190  63                0 3.000e-06
200  65                0 3.000e-06
220  72                0 3.000e-06
240  79                0 3.000e-06
260  83                0 3.000e-06
280  90                0 1.100e-05
300  98                0 5.000e-06
320 103                0 3.000e-06
340 112                0 4.000e-06
360 117                0 4.000e-06
380 121                0 4.000e-06
400 129                0 4.000e-06
420 134                0 4.000e-06
440 140                0 3.000e-06
460 148                0 4.000e-06
480 153                0 4.000e-06
500 160                0 4.000e-06
520 167                0 4.000e-06
540 171                0 5.000e-06
560 178                0 4.000e-06
580 185                0 4.000e-06
600 189                0 5.000e-06
620 196                0 5.000e-06
640 204                0 4.000e-06
660 208                0 5.000e-06
680 215                0 4.000e-06
700 222                0 6.000e-06
720 226                0 5.000e-06
740 235                0 6.000e-06
760 240                0 5.000e-06
780 244                0 5.000e-06
800 253                0 6.000e-06
820 259                0 6.000e-06
840 263                0 5.000e-06
860 272                0 6.000e-06
880 276                0 7.000e-06
900 281                0 6.000e-06
920 289                0 5.000e-06
940 293                0 5.000e-06
960 301                0 6.000e-06
980 307                0 6.000e-06
1000 312                0 7.000e-06
1020 319                0 6.000e-06
1040 326                0 7.000e-06
1060 330                0 5.000e-06
1080 337                0 6.000e-06
1100 345                0 6.000e-06
1120 349                0 6.000e-06
1140 359                0 6.000e-06
1160 364                0 7.000e-06
1180 368                0 6.000e-06
1200 377                0 7.000e-06
1220 382                0 7.000e-06
1240 386                0 8.000e-06
1260 395                0 7.000e-06
1280 400                0 7.000e-06
1300 405                0 7.000e-06
1320 412                0 8.000e-06
1340 417                0 7.000e-06
1360 425                0 8.000e-06
1380 432                0 8.000e-06
1400 436                0 7.000e-06
1420 442                0 8.000e-06
1440 450                0 8.000e-06
1460 454                0 7.000e-06
1480 462                0 8.000e-06
1500 468                0 8.000e-06
1520 472                0 8.000e-06
1540 479                0 9.000e-06
1560 486                0 9.000e-06
1580 491                0 9.000e-06
1600 500                0 1.000e-05
1620 504                0 9.000e-06
1640 508                0 9.000e-06
1660 518                0 1.000e-05
1680 522                0 8.000e-06
1700 528                0 1.000e-05
1720 536                0 9.000e-06
1740 540                0 9.000e-06
1760 547                0 9.000e-06
1780 554                0 1.000e-05
1800 558                0 1.000e-05
1820 566                0 1.000e-05
1840 572                0 9.000e-06
1860 576                0 1.000e-05
1880 584                0 1.100e-05
1900 591                0 1.000e-05
1920 595                0 9.000e-06
1940 602                0 1.000e-05
1960 609                0 1.100e-05
1980 614                0 1.100e-05
2000 623                0 1.100e-05
2020 627                0 1.000e-05
2040 631                0 1.000e-05
2060 641                0 1.100e-05
2080 645                0 1.100e-05
2100 651                0 1.000e-05
2120 660                0 1.100e-05
2140 664                0 1.100e-05
2160 669                0 1.100e-05
2180 678                0 1.200e-05
2200 683                0 1.100e-05
2220 692                0 1.100e-05
2240 697                0 1.100e-05
2260 701                0 1.300e-05
2280 710                0 1.300e-05
2300 716                0 1.100e-05
2320 721                0 1.200e-05
2340 728                0 1.100e-05
2360 734                0 1.300e-05
2380 739                0 1.200e-05
2400 748                0 1.200e-05
2420 753                0 1.200e-05
2440 758                0 1.200e-05
2460 767                0 1.300e-05
2480 771                0 1.200e-05
2500 776                0 1.300e-05
2520 785                0 1.300e-05
2540 789                0 1.300e-05
2560 795                0 1.300e-05
2580 802                0 1.300e-05
2600 807                0 1.300e-05
2620 815                0 1.400e-05
2640 821                0 1.200e-05
2660 825                0 1.300e-05
2680 831                0 1.300e-05
2700 837                0 1.400e-05
2720 841                0 1.400e-05
2740 849                0 1.300e-05
2760 854                0 1.500e-05
2780 859                0 1.400e-05
2800 868                0 1.400e-05
2820 873                0 1.500e-05
2840 879                0 1.500e-05
2860 887                0 1.400e-05
2880 892                0 1.500e-05
2900 897                0 1.500e-05
2920 906                0 1.500e-05
2940 911                0 1.500e-05
2960 917                0 1.500e-05
2980 926                0 1.500e-05
3000 930                0 1.400e-05
3020 939                0 1.500e-05
3040 945                0 1.600e-05
3060 949                0 1.500e-05
3080 958                0 1.500e-05
3100 963                0 1.600e-05
3120 967                0 1.500e-05
3140 976                0 1.500e-05
3160 982                0 1.500e-05
3180 987                0 1.700e-05
3200 994                0 1.600e-05
3220 1001                0 1.600e-05
3240 1008                0 1.700e-05
3260 1016                0 1.700e-05
3280 1020                0 1.600e-05
3300 1026                0 1.600e-05
3320 1034                0 1.800e-05
3340 1039                0 1.600e-05
3360 1045                0 1.700e-05
3380 1053                0 1.700e-05
3400 1057                0 1.800e-05
3420 1064                0 1.700e-05
3440 1072                0 1.900e-05
3460 1076                0 1.800e-05
3480 1085                0 1.800e-05
3500 1090                0 1.700e-05
3520 1095                0 1.800e-05
3540 1103                0 1.800e-05
3560 1108                0 1.900e-05
3580 1113                0 1.800e-05
3600 1120                0 1.800e-05
3620 1126                0 1.800e-05
3640 1132                0 1.800e-05
3660 1141                0 1.800e-05
3680 1146                0 1.800e-05
3700 1151                0 1.900e-05
3720 1158                0 2.000e-05
3740 1162                0 2.000e-05
3760 1168                0 1.800e-05
3780 1176                0 1.900e-05
3800 1180                0 1.800e-05
3820 1186                0 1.900e-05
3840 1195                0 1.900e-05
3860 1199                0 2.000e-05
3880 1209                0 2.000e-05
3900 1214                0 1.900e-05
3920 1218                0 1.900e-05
3940 1226                0 1.900e-05
3960 1232                0 2.000e-05
3980 1236                0 1.900e-05
4000 1245                0 2.000e-05
4020 1250                0 2.000e-05
4040 1255                0 2.000e-05
4060 1264                0 2.000e-05
4080 1270                0 2.100e-05
4100 1276                0 2.100e-05
4120 1283                0 2.100e-05
4140 1288                0 2.100e-05
4160 1294                0 2.200e-05
4180 1302                0 2.200e-05
4200 1306                0 2.200e-05
4220 1312                0 2.100e-05
4240 1320                0 2.200e-05
4260 1324                0 2.300e-05
4280 1333                0 2.300e-05
4300 1339                0 2.400e-05
4320 1343                0 2.200e-05
4340 1352                0 2.200e-05
4360 1357                0 2.300e-05
4380 1361                0 2.300e-05
4400 1370                0 2.400e-05
4420 1375                0 2.300e-05
4440 1381                0 2.300e-05
4460 1388                0 2.400e-05
4480 1394                0 2.300e-05
4500 1401                0 2.400e-05
4520 1408                0 2.300e-05
4540 1412                0 2.400e-05
4560 1418                0 2.400e-05
4580 1426                0 2.500e-05
4600 1430                0 2.300e-05
4620 1437                0 2.400e-05
4640 1444                0 2.400e-05
4660 1449                0 2.400e-05
4680 1456                0 2.400e-05
4700 1463                0 2.500e-05
4720 1468                0 2.500e-05
4740 1477                0 2.600e-05
4760 1482                0 2.500e-05
4780 1486                0 2.600e-05
4800 1495                0 2.500e-05
4820 1500                0 2.500e-05
4840 1506                0 2.600e-05
4860 1513                0 2.500e-05
4880 1518                0 2.600e-05
4900 1525                0 2.600e-05
4920 1532                0 2.600e-05
4940 1536                0 2.600e-05
4960 1543                0 2.600e-05
4980 1550                0 2.600e-05
5000 1554                0 2.700e-05
5020 1561                0 2.600e-05
5040 1568                0 2.700e-05
5060 1572                0 2.800e-05
5080 1579                0 2.700e-05
5100 1587                0 2.700e-05
5120 1593                0 2.600e-05
5140 1602                0 2.700e-05
5160 1607                0 2.700e-05
5180 1611                0 2.800e-05
5200 1620                0 2.700e-05
5220 1625                0 2.700e-05
5240 1630                0 2.800e-05
5260 1639                0 2.800e-05
5280 1644                0 2.900e-05
5300 1649                0 2.800e-05
5320 1657                0 2.800e-05
5340 1661                0 2.800e-05
5360 1669                0 2.800e-05
5380 1675                0 2.800e-05
5400 1679                0 2.900e-05
5420 1686                0 3.000e-05
5440 1693                0 3.000e-05
5460 1697                0 2.800e-05
5480 1705                0 2.900e-05
5500 1711                0 2.900e-05
5520 1715                0 2.900e-05
5540 1724                0 2.900e-05
5560 1730                0 3.000e-05
5580 1734                0 3.000e-05
5600 1743                0 2.900e-05
5620 1748                0 2.900e-05
5640 1753                0 3.000e-05
5660 1762                0 2.900e-05
5680 1767                0 3.000e-05
5700 1773                0 3.100e-05
5720 1781                0 2.900e-05
5740 1785                0 3.000e-05
5760 1793                0 3.100e-05
5780 1799                0 3.000e-05
5800 1803                0 3.000e-05
5820 1811                0 3.100e-05
5840 1817                0 3.000e-05
5860 1821                0 3.100e-05
5880 1830                0 3.200e-05
5900 1836                0 3.100e-05
5920 1840                0 3.100e-05
5940 1848                0 3.200e-05
5960 1854                0 3.100e-05
5980 1859                0 3.200e-05
6000 1867                0 3.100e-05
6020 1872                0 3.200e-05
6040 1876                0 3.100e-05
6060 1885                0 3.200e-05
6080 1890                0 3.200e-05
6100 1896                0 3.200e-05
6120 1904                0 3.200e-05
6140 1909                0 3.200e-05
6160 1916                0 3.300e-05
6180 1923                0 3.300e-05
6200 1926                0 3.300e-05
6220 1934                0 3.300e-05
6240 1940                0 3.200e-05
6260 1943                0 3.400e-05
6280 1952                0 3.400e-05
6300 1958                0 3.300e-05
6320 1963                0 3.300e-05
6340 1971                0 3.400e-05
6360 1978                0 3.400e-05
6380 1983                0 3.300e-05
6400 1991                0 3.400e-05
6420 1995                0 3.400e-05
6440 2000                0 3.400e-05
6460 2009                0 3.400e-05
6480 2014                0 3.500e-05
6500 2020                0 3.500e-05
6520 2028                0 3.500e-05
6540 2032                0 3.500e-05
6560 2038                0 3.400e-05
6580 2047                0 3.600e-05
6600 2051                0 3.500e-05
6620 2060                0 3.600e-05
6640 2065                0 3.400e-05
6660 2069                0 3.500e-05
6680 2077                0 3.500e-05
6700 2083                0 3.600e-05
6720 2087                0 3.600e-05
6740 2095                0 3.600e-05
6760 2101                0 3.600e-05
6780 2106                0 3.600e-05
6800 2114                0 3.600e-05
6820 2119                0 3.500e-05
6840 2125                0 3.600e-05
6860 2133                0 3.600e-05
6880 2137                0 3.600e-05
6900 2143                0 3.600e-05
6920 2151                0 3.700e-05
6940 2155                0 3.700e-05
6960 2161                0 3.600e-05
6980 2170                0 3.700e-05
7000 2175                0 3.800e-05
7020 2183                0 3.700e-05
7040 2188                0 3.800e-05
7060 2192                0 3.800e-05
7080 2201                0 3.800e-05
7100 2207                0 3.800e-05
7120 2210                0 3.800e-05
7140 2220                0 4.100e-05
7160 2226                0 3.800e-05
7180 2230                0 3.900e-05
7200 2239                0 3.800e-05
7220 2245                0 3.800e-05
7240 2251                0 3.800e-05
7260 2258                0 3.800e-05
7280 2263                0 4.000e-05
7300 2269                0 4.000e-05
7320 2278                0 4.000e-05
7340 2282                0 4.000e-05
7360 2289                0 3.900e-05
7380 2297                0 3.900e-05
7400 2302                0 4.000e-05
7420 2311                0 4.000e-05
7440 2317                0 4.000e-05
7460 2321                0 4.000e-05
7480 2329                0 4.000e-05
7500 2334                0 4.100e-05
7520 2338                0 4.100e-05
7540 2347                0 4.200e-05
7560 2353                0 4.100e-05
7580 2357                0 4.100e-05
7600 2365                0 4.200e-05
7620 2372                0 4.100e-05
7640 2379                0 4.100e-05
7660 2386                0 4.100e-05
7680 2390                0 4.100e-05
7700 2396                0 4.200e-05
7720 2404                0 4.300e-05
7740 2408                0 4.100e-05
7760 2416                0 4.200e-05
7780 2423                0 4.200e-05
7800 2427                0 4.100e-05
7820 2435                0 3.800e-05
7840 2443                0 3.800e-05
7860 2448                0 3.900e-05
7880 2457                0 3.800e-05
7900 2462                0 3.800e-05
7920 2466                0 3.800e-05
7940 2475                0 3.800e-05
7960 2481                0 3.800e-05
7980 2486                0 3.800e-05
8000 2494                0 4.000e-05
